code,date,p2b,cur_tmv,cur_cmv
000001.SZ,20130531,1.2116,10753912.5232,6518146.4882
000002.SZ,20130531,2.0733,13187092.711,11580103.5987
000004.SZ,20130531,12.5861,98504.6503,98385.9134
000005.SZ,20130531,3.7377,251441.7419,251279.3269
000006.SZ,20130531,1.8133,642854.784,636168.065
000007.SZ,20130531,14.0631,392410.1517,314028.9564
000008.SZ,20130531,4.8596,264740.6301,128451.0378
000009.SZ,20130531,4.7051,1414703.4361,1400073.0245
000010.SZ,20130531,68.6819,350930.6484,161823.9104
000011.SZ,20130531,2.9739,517309.8519,152537.3064
000012.SZ,20130531,3.469,2291170.4582,1439220.3154
000014.SZ,20130531,3.4647,201906.8922,201906.8922
000016.SZ,20130531,1.0175,412962.6375,205770.8313
000017.SZ,20130531,,231014.7898,122772.1956
000018.SZ,20130531,13.8409,160685.2382,94734.4304
000019.SZ,20130531,2.2119,213516.0311,172521.0965
000020.SZ,20130531,6.6508,186886.4098,42685.828
000021.SZ,20130531,1.8965,757265.4463,756436.0157
000022.SZ,20130531,2.2207,845930.0138,609804.2242
000023.SZ,20130531,2.9457,96851.8555,96851.8555
000024.SZ,20130531,2.0733,4911479.4386,1957005.3217
000025.SZ,20130531,7.6658,144945.2928,117975.81
000026.SZ,20130531,2.2969,340136.9754,128248.3735
000027.SZ,20130531,1.0255,1551437.7116,562551.4353
000028.SZ,20130531,4.7431,910552.104,737102.4374
000029.SZ,20130531,2.3698,388477.44,342397.44
000030.SZ,20130531,3.0433,1032462.6363,147056.1108
000031.SZ,20130531,1.6583,801669.3654,801664.2749
000032.SZ,20130531,2.322,213769.4458,213727.9926
000033.SZ,20130531,5.1626,136043.0467,136043.0467
000034.SZ,20130531,16.8424,148201.0418,140786.6235
000035.SZ,20130531,,231468.2911,231468.2911
000036.SZ,20130531,2.1153,380997.9344,380997.9344
000037.SZ,20130531,1.8068,268229.3552,150807.8353
000038.SZ,20130531,7.008,109892.3737,28415.2417
000039.SZ,20130531,1.7384,3407866.9453,1576376.9805
000040.SZ,20130531,1.8366,222117.6612,219552.901
000042.SZ,20130531,2.3018,647747.5232,647564.3622
000043.SZ,20130531,1.4481,414850.0008,414845.5224
000045.SZ,20130531,2.1553,489806.628,225560.8815
000046.SZ,20130531,3.1146,2675142.0078,2668571.8107
000048.SZ,20130531,8.4852,350128.7292,340353.3853
000049.SZ,20130531,18.6569,770074.5125,769837.084
000050.SZ,20130531,7.4024,1015251.9,1015212.12
000055.SZ,20130531,3.7033,411002.0784,228523.8713
000056.SZ,20130531,,558659.0943,301489.6568
000058.SZ,20130531,2.8975,352374.7555,241697.7004
000059.SZ,20130531,0.9706,702296.2247,702296.2247
000060.SZ,20130531,3.2915,1875213.2599,1873682.1276
000061.SZ,20130531,2.5489,1240480.7798,1001316.8051
000062.SZ,20130531,2.9209,430849.5689,430844.7239
000063.SZ,20130531,1.9882,4344818.5393,3535430.0387
000065.SZ,20130531,3.2115,207107.328,207107.328
000066.SZ,20130531,1.681,475170.2051,206117.7391
000068.SZ,20130531,26.4397,592699.8377,592697.5473
000069.SZ,20130531,2.2913,4675573.5779,2002470.0937
000070.SZ,20130531,2.5484,253385.0,222082.0939
000078.SZ,20130531,4.0694,586102.7979,521903.1509
000088.SZ,20130531,1.7211,767169.0,767140.4798
000089.SZ,20130531,0.8995,674411.4976,674388.042
000090.SZ,20130531,1.1931,459102.8599,459098.9699
000096.SZ,20130531,1.4051,251856.0,243674.496
000099.SZ,20130531,2.1291,425774.4,425774.4
000100.SZ,20130531,2.0426,2458103.4619,2298225.7038
000150.SZ,20130531,2.6275,185328.0,185328.0
000151.SZ,20130531,2.7504,252174.96,227095.4599
000153.SZ,20130531,2.8816,284984.943,210944.2676
000155.SZ,20130531,1.9445,249100.0,249100.0
000156.SZ,20130531,21.6345,1960384.9795,114253.1495
000157.SZ,20130531,1.3145,5440403.5593,4429487.0801
000158.SZ,20130531,1.2237,294733.01,294733.01
000159.SZ,20130531,1.5115,317551.934,317551.934
000301.SZ,20130531,1.451,398363.3175,398363.3175
000338.SZ,20130531,1.8008,4606409.4083,2041712.9303
000400.SZ,20130531,5.2543,1489029.9008,1121529.9829
000401.SZ,20130531,1.352,1518658.3241,1366232.9907
000402.SZ,20130531,0.9199,1819274.9652,1818297.3594
000403.SZ,20130531,17.6156,432580.6496,257656.2551
000404.SZ,20130531,1.9869,355920.8341,206425.7015
000407.SZ,20130531,4.2351,465499.3755,462391.4129
000408.SZ,20130531,10.7248,186955.4115,186955.4115
000409.SZ,20130531,7.5822,723245.2979,258660.322
000410.SZ,20130531,1.7199,473826.4772,333780.1419
000411.SZ,20130531,4.1831,207449.946,203638.446
000413.SZ,20130531,2.2029,1192863.0,373603.7471
000415.SZ,20130531,1.3221,951939.729,326608.764
000416.SZ,20130531,3.7762,312740.4385,312628.2834
000417.SZ,20130531,1.8518,520962.6456,519908.6137
000418.SZ,20130531,1.5791,599598.4003,208844.5488
000419.SZ,20130531,1.4891,254940.2652,254803.002
000420.SZ,20130531,2.8375,133903.1423,112680.9573
000421.SZ,20130531,1.8264,164236.4747,164215.5003
000422.SZ,20130531,1.3358,835913.9089,813438.5746
000423.SZ,20130531,6.227,2882926.9351,2881884.1874
000425.SZ,20130531,1.185,2163833.3035,2155135.37
000426.SZ,20130531,2.8137,478671.5558,457673.0398
000428.SZ,20130531,2.3492,365933.334,365933.334
000429.SZ,20130531,0.9394,401020.5616,149251.9084
000430.SZ,20130531,7.5971,275918.2281,143920.1348
000488.SZ,20130531,0.6172,853687.0196,457032.0095
000498.SZ,20130531,2.93,601514.6768,236600.8929
000501.SZ,20130531,2.3214,601596.8277,601538.3734
000502.SZ,20130531,5.8166,111261.4034,110364.1375
000503.SZ,20130531,12.4025,1562152.9906,1186742.0255
000504.SZ,20130531,15.9883,191929.523,190943.0606
000505.SZ,20130531,7.1573,146800.419,123993.1739
000506.SZ,20130531,3.7794,575991.0118,572897.5658
000507.SZ,20130531,1.3256,319764.0722,311114.4297
000509.SZ,20130531,,372764.7385,224843.2234
000510.SZ,20130531,4.1825,418508.2085,418465.3335
000511.SZ,20130531,3.2674,531222.7251,531218.2842
000513.SZ,20130531,4.16,1312413.5792,788495.3327
000514.SZ,20130531,1.3059,335207.1926,335207.1926
000516.SZ,20130531,2.5156,311764.4181,307834.4828
000517.SZ,20130531,2.2612,653765.4169,136931.2092
000518.SZ,20130531,5.8763,436531.8381,436523.1338
000519.SZ,20130531,7.2889,249264.2944,248278.4704
000520.SZ,20130531,,188247.5225,186691.356
000521.SZ,20130531,1.022,306259.4212,214753.5999
000523.SZ,20130531,3.9224,401537.5564,401367.6196
000524.SZ,20130531,2.9087,176366.6286,176365.2015
000525.SZ,20130531,2.855,882609.5173,480971.8266
000526.SZ,20130531,5.6953,92347.3027,92347.3027
000527.SZ,20130531,2.0391,4697474.5382,4697474.5382
000528.SZ,20130531,1.0042,940702.4257,928149.13
000529.SZ,20130531,4.5816,388220.5695,376336.8532
000530.SZ,20130531,1.7979,329014.0765,202766.4045
000531.SZ,20130531,1.6532,392894.9973,387921.8003
000532.SZ,20130531,5.6477,367114.3821,364838.1107
000533.SZ,20130531,3.1326,332282.496,326452.1449
000534.SZ,20130531,2.4793,290482.9762,121363.9912
000536.SZ,20130531,7.9575,1877322.5961,461294.8633
000537.SZ,20130531,2.8327,334804.5804,334800.9562
000538.SZ,20130531,8.4485,6248398.311,6248191.851
000539.SZ,20130531,1.4264,2375753.5037,1080112.1142
000540.SZ,20130531,3.9981,1061414.2024,1060735.191
000541.SZ,20130531,2.4134,729029.99,459946.8812
000543.SZ,20130531,1.2848,743540.9181,545741.7743
000544.SZ,20130531,4.2832,337363.6683,337363.6683
000546.SZ,20130531,7.4498,109840.1984,94762.3089
000547.SZ,20130531,1.9247,310574.7053,245911.6182
000548.SZ,20130531,1.4372,214163.5829,170653.4643
000550.SZ,20130531,1.7614,1511487.714,904692.8471
000551.SZ,20130531,2.7552,347669.8719,336658.1177
000552.SZ,20130531,3.5705,809471.5678,398744.8694
000553.SZ,20130531,4.3223,558881.75,342422.9159
000554.SZ,20130531,2.4874,223568.8938,168632.1165
000555.SZ,20130531,,92440.2336,92440.2336
000557.SZ,20130531,35.3454,480293.7972,461717.7628
000558.SZ,20130531,2.8054,247065.5068,246834.1245
000559.SZ,20130531,3.1739,1072266.3853,1070211.9397
000560.SZ,20130531,1.6586,166338.4773,93583.0128
000561.SZ,20130531,4.8579,392065.8133,174259.6909
000562.SZ,20130531,3.1147,4788738.2442,3522874.2904
000563.SZ,20130531,3.8176,1276557.5484,790997.6854
000564.SZ,20130531,1.3714,225769.7448,127248.6608
000565.SZ,20130531,2.5957,148288.5392,148288.5392
000566.SZ,20130531,4.1586,606607.6863,579691.4743
000567.SZ,20130531,7.216,134568.0,117201.3045
000568.SZ,20130531,3.4099,3699818.3875,3697157.173
000570.SZ,20130531,2.5363,465940.6906,341440.6906
000571.SZ,20130531,1.8793,330492.736,330286.7936
000572.SZ,20130531,1.0973,736797.1188,735466.3716
000573.SZ,20130531,2.0796,305773.0016,305542.3406
000576.SZ,20130531,4.0267,391046.5491,225646.3048
000581.SZ,20130531,3.1981,2857242.913,1718325.6996
000582.SZ,20130531,3.5268,150081.4751,149603.199
000584.SZ,20130531,2.5774,458766.6059,456743.1485
000585.SZ,20130531,9.1825,248037.08,173075.5578
000586.SZ,20130531,5.4423,108326.4,108326.4
000587.SZ,20130531,5.0134,538192.153,325977.4863
000589.SZ,20130531,1.1676,262052.7069,262022.1292
000590.SZ,20130531,4.409,217971.3166,217878.5576
000591.SZ,20130531,5.1105,215310.6907,215310.6907
000592.SZ,20130531,4.0959,418619.0748,413287.7458
000593.SZ,20130531,4.4415,149412.071,149283.3487
000594.SZ,20130531,0.9921,301741.9222,301741.9222
000595.SZ,20130531,7.0286,150913.2165,150901.4506
000596.SZ,20130531,3.5653,1312381.6,999659.2546
000597.SZ,20130531,1.5154,249689.8785,247586.2168
000598.SZ,20130531,2.9867,1860414.189,1078109.1056
000599.SZ,20130531,1.291,198385.1647,198378.2548
000600.SZ,20130531,1.261,376427.9699,376395.0787
000601.SZ,20130531,1.0844,401965.2209,312152.1884
000602.SZ,20130531,3.6551,1327030.0119,274705.8723
000603.SZ,20130531,11.3756,833231.3006,147508.2741
000605.SZ,20130531,27.517,157550.25,157550.25
000606.SZ,20130531,3.7963,366832.2672,305643.5172
000607.SZ,20130531,6.0208,211187.9538,211187.9538
000608.SZ,20130531,1.528,427450.5861,427450.5861
000609.SZ,20130531,1.8166,192271.6117,187642.0378
000610.SZ,20130531,2.8443,128279.6315,126964.331
000611.SZ,20130531,3.2182,186656.7728,185057.3039
000612.SZ,20130531,1.59,679317.3749,502255.0042
000613.SZ,20130531,31.7015,269434.0,191603.76
000615.SZ,20130531,1.862,116422.5238,116408.9091
000616.SZ,20130531,1.1599,456244.7816,456244.1895
000617.SZ,20130531,3.0675,209616.0768,209614.8185
000619.SZ,20130531,1.2871,284040.0,284040.0
000620.SZ,20130531,3.0707,856512.2679,144732.8168
000622.SZ,20130531,11.2759,254285.148,118386.06
000623.SZ,20130531,1.7304,1715532.9145,1447312.2107
000625.SZ,20130531,3.015,4840075.7801,3516250.3044
000626.SZ,20130531,3.5597,147217.5,146775.8475
000627.SZ,20130531,2.7832,418259.2686,418259.2686
000628.SZ,20130531,7.8708,147271.08,125972.6509
000629.SZ,20130531,1.7717,2757308.5308,1530283.7954
000630.SZ,20130531,1.9901,2163685.4081,2163642.7297
000631.SZ,20130531,2.5167,609532.186,609532.186
000632.SZ,20130531,1.4304,176431.917,176257.3955
000633.SZ,20130531,11.8567,263027.6528,263027.6528
000635.SZ,20130531,1.0198,273991.1922,160063.2633
000636.SZ,20130531,2.1167,459611.9237,459591.3737
000637.SZ,20130531,3.2798,250579.9216,176646.01
000638.SZ,20130531,8.2549,178523.8,178523.8
000639.SZ,20130531,2.987,316759.0068,145399.2857
000650.SZ,20130531,3.6313,618179.3661,589748.6001
000651.SZ,20130531,2.8746,8064087.242,8006033.2031
000652.SZ,20130531,3.2676,653679.2164,648505.9803
000655.SZ,20130531,2.1167,598912.2714,417295.84
000656.SZ,20130531,2.1855,1599943.8104,503414.4371
000657.SZ,20130531,10.1637,283782.6405,183664.6298
000659.SZ,20130531,1.5419,317568.5224,317568.5224
000661.SZ,20130531,12.6686,1265725.4817,1265698.2543
000662.SZ,20130531,3.2207,200152.494,200150.1296
000663.SZ,20130531,4.99,171940.7174,141546.5166
000665.SZ,20130531,1.881,409365.7237,144432.5442
000666.SZ,20130531,1.4744,697792.83,225066.7007
000667.SZ,20130531,0.9856,534035.6427,529835.6127
000668.SZ,20130531,2.4506,164462.9168,164286.1786
000669.SZ,20130531,6.026,1104359.4761,311470.7665
000670.SZ,20130531,18.8187,387625.7869,220248.3712
000671.SZ,20130531,6.1385,1332080.9798,1320294.4793
000672.SZ,20130531,2.4161,540243.5943,89014.5558
000673.SZ,20130531,177.6728,153979.2,153979.2
000676.SZ,20130531,8.2872,125205.5062,124975.4622
000677.SZ,20130531,5.9787,419893.2827,419856.3953
000678.SZ,20130531,1.9215,203812.9036,143011.233
000679.SZ,20130531,1.5842,225601.2,225564.7354
000680.SZ,20130531,1.1533,487383.6283,408042.8993
000681.SZ,20130531,9.8349,139522.5,138066.1856
000682.SZ,20130531,2.2071,309099.5696,309050.9726
000683.SZ,20130531,1.5726,370086.3398,370086.3398
000685.SZ,20130531,1.5284,946878.7894,796169.7741
000686.SZ,20130531,2.6709,1972823.3603,1288853.8952
000687.SZ,20130531,1.911,293858.9633,272295.7391
000688.SZ,20130531,12.715,923487.043,205110.2329
000690.SZ,20130531,2.4115,916831.2375,909420.619
000691.SZ,20130531,13.3626,197194.7,177196.643
000692.SZ,20130531,1.2897,161448.3917,161424.0778
000695.SZ,20130531,4.8613,155281.1298,154978.5816
000697.SZ,20130531,12.8432,646110.0317,342595.5383
000698.SZ,20130531,0.9909,298078.7661,282820.6406
000700.SZ,20130531,1.6651,204895.9068,204895.9068
000701.SZ,20130531,2.6314,223432.5,223427.7923
000702.SZ,20130531,2.5131,120252.1938,120250.4827
000703.SZ,20130531,2.0464,1058993.4407,241751.5362
000705.SZ,20130531,2.3102,257609.0535,153013.1396
000707.SZ,20130531,1.0678,217684.3638,217683.2358
000708.SZ,20130531,1.0119,302901.3155,301363.2125
000709.SZ,20130531,0.5707,2431661.087,1165469.1501
000710.SZ,20130531,11.9663,139406.4,139406.4
000711.SZ,20130531,3.0635,111824.388,111824.388
000712.SZ,20130531,3.9357,886144.0,442961.952
000713.SZ,20130531,2.4735,301266.9757,301264.5938
000715.SZ,20130531,2.2738,274541.904,273649.1198
000716.SZ,20130531,4.5636,365310.0,254077.4887
000717.SZ,20130531,1.221,337243.9308,227861.6958
000718.SZ,20130531,2.8222,1491530.5695,1069837.0117
000719.SZ,20130531,2.3895,422568.8808,84494.6901
000720.SZ,20130531,3.5788,267672.6,267670.0425
000721.SZ,20130531,2.8772,131887.9816,110467.219
000722.SZ,20130531,1.7908,384323.0575,176067.7093
000723.SZ,20130531,4.1942,192926.0875,134651.0945
000725.SZ,20130531,1.3895,3637294.8897,3117349.8789
000726.SZ,20130531,1.7026,930201.0056,513463.1443
000727.SZ,20130531,3.8519,167367.3279,166895.0322
000728.SZ,20130531,1.3855,2091766.5,2091766.5
000729.SZ,20130531,1.8187,1729331.2375,1538838.0232
000731.SZ,20130531,2.5685,751776.6114,751496.0648
000732.SZ,20130531,4.3946,1072105.6046,218131.077
000733.SZ,20130531,1.4165,306550.72,306550.72
000735.SZ,20130531,3.5826,605530.816,597090.1121
000736.SZ,20130531,1.6583,265691.3332,114627.9407
000737.SZ,20130531,8.1378,357791.52,357764.7443
000738.SZ,20130531,4.7631,1286031.6963,250430.4
000739.SZ,20130531,3.6395,600175.4188,377858.5522
000748.SZ,20130531,2.9936,361666.3697,361666.3697
000750.SZ,20130531,8.3046,2313409.4795,593902.7631
000752.SZ,20130531,4.4363,342886.0383,342875.3016
000753.SZ,20130531,2.5747,188516.3603,188516.3603
000755.SZ,20130531,1.2008,224777.7535,224757.7605
000756.SZ,20130531,1.3588,232314.9176,156112.2095
000757.SZ,20130531,24.3562,228225.6185,194877.0409
000758.SZ,20130531,3.3321,1431738.1142,1310870.5417
000759.SZ,20130531,1.5209,451517.2545,451204.7601
000760.SZ,20130531,20.7037,388437.7589,388419.55
000761.SZ,20130531,0.6806,1047424.0,913824.0
000762.SZ,20130531,3.7527,641614.1342,626580.8068
000766.SZ,20130531,4.7317,297697.791,297696.8475
000767.SZ,20130531,1.8657,847405.4128,497716.6486
000768.SZ,20130531,2.7087,3097024.872,2730382.3914
000776.SZ,20130531,2.4646,8369878.1301,8369878.1301
000777.SZ,20130531,4.0646,391937.9842,391862.5626
000778.SZ,20130531,0.9338,1148206.0728,1147763.5981
000779.SZ,20130531,5.4793,165186.7437,141867.7633
000780.SZ,20130531,1.5723,750586.6798,750586.6798
000782.SZ,20130531,1.4836,156142.1145,156140.3852
000783.SZ,20130531,1.909,2380718.7744,2380668.2631
000785.SZ,20130531,1.9561,159274.5565,159193.4045
000786.SZ,20130531,3.2995,1186534.45,1186416.7827
000788.SZ,20130531,7.4952,818290.7345,767197.2141
000789.SZ,20130531,2.5653,444893.622,430728.9924
000790.SZ,20130531,8.303,451802.7623,443984.4388
000791.SZ,20130531,1.5093,472291.2666,75058.3479
000792.SZ,20130531,2.3051,3732925.0994,1354420.0651
000793.SZ,20130531,5.8882,1443100.6631,1442288.9981
000795.SZ,20130531,7.295,274032.0,274026.5015
000796.SZ,20130531,3.0664,145952.8729,145941.5988
000797.SZ,20130531,2.4201,308056.88,264459.6898
000798.SZ,20130531,3.4871,260036.37,260034.3716
000799.SZ,20130531,3.7702,683325.6449,471496.152
000800.SZ,20130531,3.0082,2395680.0,2078100.2394
000801.SZ,20130531,4.1102,555085.0236,318734.6698
000802.SZ,20130531,2.2518,184490.3371,135213.4631
000803.SZ,20130531,8.2451,105122.5249,74291.6372
000806.SZ,20130531,2.7869,235635.4422,235377.0774
000807.SZ,20130531,2.0159,775743.1839,775705.5573
000809.SZ,20130531,2.008,545461.9751,357971.0666
000810.SZ,20130531,3.5407,175178.385,175178.385
000811.SZ,20130531,2.3627,314099.5439,314060.9172
000812.SZ,20130531,2.5731,192371.5299,192091.3746
000813.SZ,20130531,8.9149,351098.496,351098.496
000815.SZ,20130531,3.0313,197683.2,196921.8713
000816.SZ,20130531,3.1759,529158.4125,529130.6926
000818.SZ,20130531,1.2242,238680.0,145251.5283
000819.SZ,20130531,6.3397,375027.2891,375003.8178
000820.SZ,20130531,17.9512,365550.1452,280428.7089
000821.SZ,20130531,1.4207,151559.8249,151551.35
000822.SZ,20130531,1.1548,345505.4834,345502.0739
000823.SZ,20130531,2.4172,462457.8,462328.1922
000825.SZ,20130531,0.7622,1868369.2771,1868267.4321
000826.SZ,20130531,6.2957,2475745.3508,2393409.8944
000828.SZ,20130531,1.439,501047.1901,501047.1901
000829.SZ,20130531,2.0322,426105.4914,426103.3499
000830.SZ,20130531,1.3417,730965.5282,730498.4892
000831.SZ,20130531,8.5819,1912038.8547,1292318.8865
000833.SZ,20130531,2.1004,189483.4432,189481.504
000835.SZ,20130531,4.197,183222.0,183222.0
000836.SZ,20130531,2.4431,199483.5105,199478.0607
000837.SZ,20130531,2.068,228758.7456,228717.1237
000838.SZ,20130531,4.339,142265.7799,142265.7799
000839.SZ,20130531,1.7031,998771.7546,998563.0352
000848.SZ,20130531,9.7233,955478.6842,955125.6088
000850.SZ,20130531,1.7838,523734.08,523415.2353
000851.SZ,20130531,1.9225,405528.84,252068.0692
000852.SZ,20130531,6.4942,677476.8,220151.35
000856.SZ,20130531,3.0472,141875.0,82544.1119
000858.SZ,20130531,2.5919,9015420.96,9014411.3048
000859.SZ,20130531,2.0889,190897.92,190897.4093
000860.SZ,20130531,2.0807,619657.02,607257.8616
000861.SZ,20130531,3.4508,597025.2158,242450.1278
000862.SZ,20130531,5.9287,198713.736,198713.736
000863.SZ,20130531,3.4021,464636.5918,85386.7777
000868.SZ,20130531,2.8831,372426.58,330252.5576
000869.SZ,20130531,4.4233,2867981.376,1897279.9872
000875.SZ,20130531,1.2849,258442.8,203288.7287
000876.SZ,20130531,1.8207,2165136.3341,1338365.2349
000877.SZ,20130531,1.1246,699680.5009,628081.5726
000878.SZ,20130531,2.5965,1766249.3036,1766231.7496
000880.SZ,20130531,1.9981,239103.033,117026.91
000881.SZ,20130531,1.4154,221803.4112,221118.2116
000882.SZ,20130531,1.1242,326948.6933,326946.8948
000883.SZ,20130531,1.3395,1743692.395,270706.8323
000885.SZ,20130531,2.0128,332903.4407,332903.4407
000886.SZ,20130531,1.3581,358944.6729,348304.092
000887.SZ,20130531,4.4271,899624.1186,898776.6764
000888.SZ,20130531,4.5148,479783.52,440744.6336
000889.SZ,20130531,2.4028,265530.8521,201757.6965
000890.SZ,20130531,1.7091,178431.552,178385.3501
000892.SZ,20130531,398.4214,214802.1007,159300.6611
000893.SZ,20130531,4.1723,384163.2,317685.5107
000895.SZ,20130531,8.1563,9028973.3721,4971376.7516
000897.SZ,20130531,2.4012,428577.142,428521.673
000898.SZ,20130531,0.5082,2380251.7817,2022986.8801
000899.SZ,20130531,2.5872,375073.1008,190949.6677
000900.SZ,20130531,0.9447,544861.4535,544563.7079
000901.SZ,20130531,4.7888,378292.6333,335079.357
000902.SZ,20130531,13.6046,255678.0,255678.0
000903.SZ,20130531,1.3804,362164.32,226424.52
000905.SZ,20130531,1.5175,301077.0,301077.0
000906.SZ,20130531,2.1294,213240.7423,84853.1092
000908.SZ,20130531,,215880.0,215880.0
000909.SZ,20130531,2.579,166992.0,166992.0
000910.SZ,20130531,1.2557,299092.5,299092.5
000911.SZ,20130531,2.1218,210680.4,210680.4
000912.SZ,20130531,1.3904,315315.0,143993.85
000913.SZ,20130531,1.0228,234931.648,234880.0277
000915.SZ,20130531,6.8497,446671.8627,444263.0981
000916.SZ,20130531,0.8272,325910.0,275176.7812
000917.SZ,20130531,3.2705,1380675.8856,951882.8316
000918.SZ,20130531,1.4613,611620.9185,611620.9185
000919.SZ,20130531,1.8607,400680.0,219018.4813
000920.SZ,20130531,3.8641,384864.0,384864.0
000921.SZ,20130531,6.1687,1073765.4168,223743.3902
000922.SZ,20130531,2.9069,408824.5582,134085.12
000923.SZ,20130531,1.9757,114840.0,114839.478
000925.SZ,20130531,2.9365,324102.9704,313692.9704
000926.SZ,20130531,1.008,598378.746,443973.159
000927.SZ,20130531,2.3794,859798.7968,859797.1474
000928.SZ,20130531,3.7562,273280.434,273280.434
000929.SZ,20130531,2.2224,134866.116,134736.9141
000930.SZ,20130531,1.6185,470632.6241,470632.6241
000931.SZ,20130531,5.0159,376564.5925,282634.8287
000932.SZ,20130531,0.6175,594083.0549,486733.9899
000933.SZ,20130531,1.647,1225822.5,1081278.3251
000935.SZ,20130531,2.2436,434182.71,107201.2185
000936.SZ,20130531,1.5518,283496.8842,283495.8616
000937.SZ,20130531,1.7569,2754645.087,1876902.9336
000938.SZ,20130531,3.0217,289336.32,289328.6865
000939.SZ,20130531,2.5746,633903.5136,632220.831
000948.SZ,20130531,1.3872,171388.474,171027.7403
000949.SZ,20130531,1.29,219743.698,219698.3086
000950.SZ,20130531,1.1685,285627.2351,285627.2351
000951.SZ,20130531,1.3161,490308.4095,490308.4095
000952.SZ,20130531,2.4319,172669.9819,172652.3469
000953.SZ,20130531,2.1461,145559.4213,145530.6945
000955.SZ,20130531,3.0307,220203.555,204252.555
000957.SZ,20130531,2.2736,158844.2967,158827.0573
000958.SZ,20130531,,161721.9,106223.1775
000959.SZ,20130531,1.0364,744598.0403,302743.6799
000960.SZ,20130531,2.2159,1977796.6317,1557402.0317
000961.SZ,20130531,1.9468,1291630.184,1136459.5353
000962.SZ,20130531,2.5757,633917.3421,633914.305
000963.SZ,20130531,8.4257,1818711.3623,1172954.5582
000965.SZ,20130531,1.5931,396709.203,396709.203
000966.SZ,20130531,2.1827,328606.2297,328606.2297
000967.SZ,20130531,2.027,147523.7873,147254.1623
000968.SZ,20130531,2.0697,547140.555,547140.555
000969.SZ,20130531,2.7988,905073.3691,903197.3983
000970.SZ,20130531,5.128,1751188.8,1751188.8
000971.SZ,20130531,77.7449,163849.4,122247.7408
000972.SZ,20130531,8.5116,310827.2823,290997.8023
000973.SZ,20130531,2.0722,405205.043,340619.49
000975.SZ,20130531,3.3853,1174586.4598,674005.6042
000976.SZ,20130531,4.5059,228204.0476,228199.806
000977.SZ,20130531,5.3794,625435.0,625435.0
000978.SZ,20130531,1.6163,235865.5,235865.5
000979.SZ,20130531,2.5692,762105.7331,762097.1572
000980.SZ,20130531,1.5571,190834.0,190834.0
000981.SZ,20130531,1.9965,758501.5916,72903.5829
000982.SZ,20130531,3.7244,663499.6622,663499.6622
000983.SZ,20130531,2.0694,3308760.0,3308729.402
000985.SZ,20130531,3.0958,144029.4845,144029.4845
000987.SZ,20130531,1.9255,397007.6663,396587.3001
000988.SZ,20130531,2.5143,660317.4243,660317.4243
000989.SZ,20130531,2.7422,416349.7699,416349.7699
000990.SZ,20130531,1.5722,253368.6491,253365.1774
000993.SZ,20130531,2.2123,347263.0,347263.0
000995.SZ,20130531,8.9887,168892.416,168892.416
000996.SZ,20130531,7.1611,396750.0,396750.0
000997.SZ,20130531,5.2106,771012.9323,767652.1797
000998.SZ,20130531,6.5693,868190.4,868190.4
000999.SZ,20130531,5.1672,2897544.0,1051520.8636
001696.SZ,20130531,2.0533,611045.3514,480085.8088
001896.SZ,20130531,4.2836,284869.547,196506.5725
002001.SZ,20130531,2.2202,1305250.908,1275676.5571
002002.SZ,20130531,2.1141,551387.1534,151276.004
002003.SZ,20130531,1.598,241894.7976,208638.1865
002004.SZ,20130531,2.3223,842422.2579,473077.4241
002005.SZ,20130531,3.1025,1322697.6,957897.2141
002006.SZ,20130531,4.0171,399175.32,364348.6625
002007.SZ,20130531,5.4649,1491218.0224,1490998.8628
002008.SZ,20130531,4.317,1405757.8236,1272289.9321
002009.SZ,20130531,3.8125,224546.9952,172630.7911
002010.SZ,20130531,2.6555,441133.92,373201.117
002011.SZ,20130531,2.9585,965303.9539,961418.1266
002012.SZ,20130531,2.6525,301150.8027,301150.8027
002013.SZ,20130531,2.9318,1158234.9697,338668.9397
002014.SZ,20130531,2.5915,347910.0246,293739.7317
002015.SZ,20130531,2.2762,169399.3415,152140.5925
002016.SZ,20130531,3.9083,567918.0605,567916.953
002017.SZ,20130531,3.8529,261665.6673,260239.513
002018.SZ,20130531,3.9455,1011834.9181,367989.7983
002019.SZ,20130531,3.6237,176115.58,162651.1436
002020.SZ,20130531,4.4377,340589.5083,260678.901
002021.SZ,20130531,2.9807,288450.0403,288450.0403
002022.SZ,20130531,9.1186,828995.31,736186.7744
002023.SZ,20130531,3.0789,453245.3428,385368.3859
002024.SZ,20130531,1.6209,4621785.0119,3096400.7558
002025.SZ,20130531,3.0191,466620.0,466355.0178
002026.SZ,20130531,2.1305,143050.05,111757.8512
002027.SZ,20130531,2.1506,130004.0999,83716.5388
002028.SZ,20130531,2.8618,820442.88,620426.4594
002029.SZ,20130531,1.7323,771287.18,651178.0759
002030.SZ,20130531,8.2501,493015.8182,472239.4574
002031.SZ,20130531,2.0248,331844.012,248465.3623
002032.SZ,20130531,3.0226,901032.6468,487885.8899
002033.SZ,20130531,3.2221,281940.9436,255804.6778
002034.SZ,20130531,2.0767,101724.48,74226.4294
002035.SZ,20130531,3.5047,337969.2309,275395.8256
002036.SZ,20130531,5.6129,186068.988,180662.4019
002037.SZ,20130531,2.8431,459747.6597,388798.41
002038.SZ,20130531,13.3143,2738755.8,2248298.5493
002039.SZ,20130531,1.6708,287685.5396,239840.5415
002040.SZ,20130531,2.1437,129328.672,129328.672
002041.SZ,20130531,6.2693,873312.0,812279.7895
002042.SZ,20130531,1.4773,451481.9746,450201.9668
002043.SZ,20130531,2.6922,203988.5845,188386.9807
002044.SZ,20130531,4.7006,177157.5,177157.5
002045.SZ,20130531,1.8816,220125.312,189684.2719
002046.SZ,20130531,2.2548,228176.961,228176.961
002047.SZ,20130531,1.9392,126118.8219,126118.8219
002048.SZ,20130531,1.3208,515205.8298,446768.9068
002049.SZ,20130531,4.2409,911743.9969,279368.8731
002050.SZ,20130531,2.7019,785648.0156,762159.5035
002051.SZ,20130531,4.4372,1940282.4621,1464897.5279
002052.SZ,20130531,4.8165,638567.3139,485093.8726
002053.SZ,20130531,1.7038,140689.285,140689.285
002054.SZ,20130531,1.6798,247041.7277,184064.9678
002055.SZ,20130531,4.6968,551301.0664,534977.5215
002056.SZ,20130531,2.386,647578.4,647574.6649
002057.SZ,20130531,2.9006,133486.0281,126127.3862
002058.SZ,20130531,4.7947,90933.7687,90770.7519
002059.SZ,20130531,3.0976,182965.0,182965.0
002060.SZ,20130531,1.1249,269608.7616,269567.9636
002061.SZ,20130531,2.0117,244062.9247,146979.0
002062.SZ,20130531,1.496,289125.0,235616.8773
002063.SZ,20130531,5.3514,756354.364,583055.2204
002064.SZ,20130531,3.287,550846.4,494540.3834
002065.SZ,20130531,5.2597,1516547.9056,1298246.0009
002066.SZ,20130531,2.0772,123585.0,123007.8099
002067.SZ,20130531,0.9514,273487.75,240131.5
002068.SZ,20130531,2.1721,283502.2272,283500.547
002069.SZ,20130531,4.0242,1033957.1301,992140.8549
002070.SZ,20130531,3.7914,450055.9705,401037.6474
002071.SZ,20130531,3.6566,110964.06,108637.25
002072.SZ,20130531,5.6932,131296.0,97688.5695
002073.SZ,20130531,2.5716,812889.675,673052.1262
002074.SZ,20130531,3.2823,147713.544,125358.1029
002075.SZ,20130531,2.0607,479184.7278,120384.0
002076.SZ,20130531,3.5525,151101.9543,94657.3945
002077.SZ,20130531,1.7308,151200.0,146388.4158
002078.SZ,20130531,1.2839,640550.0,559676.7159
002079.SZ,20130531,3.2444,393647.3844,390381.978
002080.SZ,20130531,2.93,680800.0,267190.8528
002081.SZ,20130531,8.1815,3502623.6342,3295338.4181
002082.SZ,20130531,1.4296,157080.0,114900.916
002083.SZ,20130531,1.37,384778.021,337595.6006
002084.SZ,20130531,3.1251,230639.7018,178982.6016
002085.SZ,20130531,2.2989,369813.8217,127758.5491
002086.SZ,20130531,1.8913,248239.3,242068.7948
002087.SZ,20130531,1.0771,195429.1584,195429.1584
002088.SZ,20130531,1.4354,209878.884,181366.3236
002089.SZ,20130531,2.5982,313779.691,218133.162
002090.SZ,20130531,2.9683,166872.0,152453.64
002091.SZ,20130531,4.8599,587160.0,565204.4191
002092.SZ,20130531,1.2005,826507.44,687999.257
002093.SZ,20130531,4.174,504295.0,497247.9047
002094.SZ,20130531,5.1914,289403.0414,289403.0414
002095.SZ,20130531,7.3102,338580.0,335948.2156
002096.SZ,20130531,4.0095,688737.385,489460.671
002097.SZ,20130531,1.8043,302415.75,219875.3088
002098.SZ,20130531,1.9993,118730.0,118730.0
002099.SZ,20130531,3.0547,218381.77,174443.9824
002100.SZ,20130531,2.9086,361726.9808,361726.9808
002101.SZ,20130531,1.5358,147764.0,147764.0
002102.SZ,20130531,3.6783,230413.38,138778.0441
002103.SZ,20130531,1.7191,126908.411,99319.2635
002104.SZ,20130531,6.5503,519073.92,400897.7021
002105.SZ,20130531,2.4633,131052.0,131052.0
002106.SZ,20130531,3.8051,1588086.36,1302480.387
002107.SZ,20130531,3.276,195464.16,89526.2602
002108.SZ,20130531,3.2555,340494.9548,336611.0748
002109.SZ,20130531,1.7744,224358.4,224358.4
002110.SZ,20130531,1.0643,294085.0,294085.0
002111.SZ,20130531,2.532,282689.0762,239725.458
002112.SZ,20130531,2.4146,108192.0,100393.6742
002113.SZ,20130531,10.6651,97324.8,73550.2979
002114.SZ,20130531,11.3849,182013.48,177451.56
002115.SZ,20130531,2.5621,276529.92,222246.3057
002116.SZ,20130531,4.5485,282150.0,279945.1188
002117.SZ,20130531,2.4286,263869.2704,260345.7704
002118.SZ,20130531,2.5516,488367.7957,487975.2166
002119.SZ,20130531,2.0838,146402.0,137882.0
002120.SZ,20130531,2.6314,122027.36,78444.4406
002121.SZ,20130531,2.4435,311004.96,209823.6722
002122.SZ,20130531,1.3005,626076.0,555931.8831
002123.SZ,20130531,2.3471,500976.0,449561.4524
002124.SZ,20130531,3.871,150837.0,101567.25
002125.SZ,20130531,3.5503,107826.2274,103632.1444
002126.SZ,20130531,1.8492,232858.67,207301.1529
002127.SZ,20130531,1.8463,167868.5472,113149.0228
002128.SZ,20130531,2.6469,1536302.5802,1536302.5802
002129.SZ,20130531,4.5886,1586309.1692,1304844.2091
002130.SZ,20130531,4.0129,389121.787,235620.34
002131.SZ,20130531,2.8477,308776.445,175237.3768
002132.SZ,20130531,2.1628,244561.0194,146977.3281
002133.SZ,20130531,1.4447,276423.84,200539.9085
002134.SZ,20130531,2.3944,142838.7152,142838.7152
002135.SZ,20130531,1.8074,319652.2,286379.0056
002136.SZ,20130531,3.1985,201473.74,185813.6356
002137.SZ,20130531,3.6467,194270.2866,192045.5656
002138.SZ,20130531,4.8385,561397.5074,561397.5074
002139.SZ,20130531,3.5597,167512.8,116152.8747
002140.SZ,20130531,9.8382,1384045.159,1344621.2182
002141.SZ,20130531,3.4495,106586.368,106586.368
002142.SZ,20130531,1.3076,3056849.7607,2633419.3994
002143.SZ,20130531,2.352,112462.35,56642.4288
002144.SZ,20130531,1.8689,306152.6985,162224.8408
002145.SZ,20130531,4.2014,471218.6191,129397.9062
002146.SZ,20130531,3.6059,2994599.2824,2620637.9013
002147.SZ,20130531,1.6651,142445.5173,111923.7804
002148.SZ,20130531,5.9981,297334.8,216038.7592
002149.SZ,20130531,2.5117,213921.75,213921.75
002150.SZ,20130531,2.6106,138610.8,134721.72
002151.SZ,20130531,10.6591,698791.709,380594.1678
002152.SZ,20130531,3.5748,1043143.2792,1003181.3608
002153.SZ,20130531,5.608,747761.28,394426.5495
002154.SZ,20130531,1.6644,446716.2347,404723.5806
002155.SZ,20130531,4.1328,1204488.012,1204236.1108
002156.SZ,20130531,1.462,323633.6266,323626.1566
002157.SZ,20130531,2.9145,305619.1067,195480.863
002158.SZ,20130531,3.913,289297.6317,289297.6317
002159.SZ,20130531,3.9578,197400.0,197188.4333
002160.SZ,20130531,3.1191,178500.0,170467.5
002161.SZ,20130531,5.1471,740497.1574,466040.1986
002162.SZ,20130531,4.5071,226138.0,226138.0
002163.SZ,20130531,3.1818,419453.1,355432.7968
002164.SZ,20130531,1.7068,186716.875,169747.375
002165.SZ,20130531,3.5287,352494.6258,341126.7417
002166.SZ,20130531,12.9203,213083.0352,156443.6997
002167.SZ,20130531,3.6185,534013.56,443120.16
002168.SZ,20130531,6.4437,701836.1199,413113.3618
002169.SZ,20130531,2.5359,136433.856,123391.6477
002170.SZ,20130531,4.0021,545845.7038,297618.4384
002171.SZ,20130531,4.347,260832.0,257798.4608
002172.SZ,20130531,4.8607,294797.1178,282792.6178
002173.SZ,20130531,3.634,178374.0,91129.8991
002174.SZ,20130531,6.3153,146720.7202,146720.7202
002175.SZ,20130531,2.568,133229.8637,83519.5025
002176.SZ,20130531,5.2004,439282.6115,439022.2366
002177.SZ,20130531,2.1511,304476.5176,205791.5816
002178.SZ,20130531,5.1996,164236.8,135027.2851
002179.SZ,20130531,3.0501,730896.9021,330173.5331
002180.SZ,20130531,3.5494,131107.167,87327.8255
002181.SZ,20130531,1.7355,622802.376,196221.3984
002182.SZ,20130531,2.8304,254880.0,193462.9355
002183.SZ,20130531,3.5029,735650.1758,622258.1758
002184.SZ,20130531,1.8289,127820.0,77115.3579
002185.SZ,20130531,3.4002,529593.52,529298.6155
002186.SZ,20130531,5.443,495743.12,490452.9568
002187.SZ,20130531,1.2588,264007.7999,258843.8933
002188.SZ,20130531,4.4366,135564.0,107852.6198
002189.SZ,20130531,3.327,160985.92,156945.92
002190.SZ,20130531,3.3901,538148.6875,538148.6875
002191.SZ,20130531,2.4942,629160.0,629160.0
002192.SZ,20130531,6.1449,255786.2442,177056.424
002193.SZ,20130531,2.1266,142880.0,142809.8968
002194.SZ,20130531,2.1453,425804.08,195801.3581
002195.SZ,20130531,3.1682,139601.0,115860.6813
002196.SZ,20130531,3.9473,120354.0,87141.21
002197.SZ,20130531,3.27,179406.36,120165.1354
002198.SZ,20130531,7.6598,210125.0,142777.7604
002199.SZ,20130531,2.4455,134276.3111,85664.5216
002200.SZ,20130531,7.4064,241135.018,172095.2739
002201.SZ,20130531,2.9485,123735.04,117784.9432
002202.SZ,20130531,1.3391,1738009.26,1373006.4884
002203.SZ,20130531,2.2998,633146.98,590046.7809
002204.SZ,20130531,1.2103,755165.6829,376533.0
002205.SZ,20130531,1.7253,147861.5189,147861.5189
002206.SZ,20130531,1.3734,262282.173,193579.1668
002207.SZ,20130531,4.3666,152967.4637,128553.2855
002208.SZ,20130531,1.6385,199422.3,197300.5539
002209.SZ,20130531,1.9986,125151.4361,80766.4679
002210.SZ,20130531,4.5954,280449.0,268105.1198
002211.SZ,20130531,1.4588,243051.3878,153264.547
002212.SZ,20130531,1.4934,250027.4,132746.4184
002213.SZ,20130531,4.3373,140080.0,100112.8756
002214.SZ,20130531,5.2172,231600.0,166625.1782
002215.SZ,20130531,3.1258,420373.8738,302340.5394
002216.SZ,20130531,3.8308,662273.1376,454051.9861
002217.SZ,20130531,1.7417,153190.008,116266.631
002218.SZ,20130531,2.2434,321276.0,314612.7456
002219.SZ,20130531,12.7311,841722.882,816322.6019
002220.SZ,20130531,2.3796,362487.216,305145.3904
002221.SZ,20130531,5.4016,755213.885,578145.0494
002222.SZ,20130531,3.2979,207480.0,200116.3135
002223.SZ,20130531,8.1396,1121689.504,1014570.0431
002224.SZ,20130531,3.6359,336282.0021,77236.5088
002225.SZ,20130531,3.9038,512660.318,201756.4067
002226.SZ,20130531,2.3283,532135.1221,205084.251
002227.SZ,20130531,4.0691,248641.2155,248641.2155
002228.SZ,20130531,2.3112,210587.424,210585.2727
002229.SZ,20130531,2.6262,212010.246,127302.9232
002230.SZ,20130531,6.8942,2147571.4536,1516622.3913
002231.SZ,20130531,3.5406,240483.2,119163.2
002232.SZ,20130531,3.0851,307636.9866,290095.5015
002233.SZ,20130531,1.9515,667413.3529,338427.3529
002234.SZ,20130531,2.4327,324398.0828,226157.898
002235.SZ,20130531,3.3949,148980.0,80580.4537
002236.SZ,20130531,14.7883,4704876.6505,2506274.6144
002237.SZ,20130531,2.5716,824367.2,724666.5792
002238.SZ,20130531,2.8778,428695.2,428695.2
002239.SZ,20130531,3.7757,221703.0,221703.0
002240.SZ,20130531,1.5069,234065.808,142829.4265
002241.SZ,20130531,10.2461,5348611.137,4152356.1961
002242.SZ,20130531,1.9175,569190.6,569190.6
002243.SZ,20130531,1.9559,281740.594,194226.674
002244.SZ,20130531,2.0833,1254656.0,1053470.24
002245.SZ,20130531,3.4073,233836.8,215032.7445
002246.SZ,20130531,3.3925,197693.133,197693.133
002247.SZ,20130531,2.1366,175812.0,111459.7575
002248.SZ,20130531,2.2613,204194.0108,160913.6584
002249.SZ,20130531,2.8213,683806.5968,342428.9428
002250.SZ,20130531,5.0734,1170225.3958,745764.2632
002251.SZ,20130531,2.4462,807413.8067,596262.5497
002252.SZ,20130531,10.2651,1028160.0,1028160.0
002253.SZ,20130531,3.2192,244654.5192,217894.116
002254.SZ,20130531,2.5775,414348.792,414188.5537
002255.SZ,20130531,3.7243,530859.2,403977.3419
002256.SZ,20130531,4.1331,187920.0,187920.0
002258.SZ,20130531,3.1758,321683.5684,311983.8961
002259.SZ,20130531,3.1821,257328.0,240721.7624
002260.SZ,20130531,4.0616,126984.0,126984.0
002261.SZ,20130531,3.933,324543.1979,209564.6463
002262.SZ,20130531,10.8785,781794.0,654604.5121
002263.SZ,20130531,1.3771,327202.1661,204299.2274
002264.SZ,20130531,2.4848,327608.6949,305918.9149
002265.SZ,20130531,3.6172,181600.224,177045.024
002266.SZ,20130531,3.7405,833937.0912,335142.4884
002267.SZ,20130531,3.6055,1153093.5549,1130713.2938
002268.SZ,20130531,5.9315,297410.1759,282556.8462
002269.SZ,20130531,4.189,1152735.0,1152735.0
002270.SZ,20130531,2.132,122758.35,68971.2095
002271.SZ,20130531,5.5615,693910.4,405045.5055
002272.SZ,20130531,2.0396,254757.9,181567.593
002273.SZ,20130531,8.003,825395.1998,738443.3357
002274.SZ,20130531,1.2426,170219.0376,166192.8148
002275.SZ,20130531,5.4413,1009242.0,887972.839
002276.SZ,20130531,2.1745,499768.3685,163565.0637
002277.SZ,20130531,2.2463,539164.8,539164.8
002278.SZ,20130531,2.9276,329388.5757,201649.5064
002279.SZ,20130531,2.4777,156106.2308,95752.3127
002280.SZ,20130531,2.1982,101543.0,46303.4324
002281.SZ,20130531,3.3857,526217.9124,459200.0
002282.SZ,20130531,2.3297,184393.56,92498.5492
002283.SZ,20130531,1.1971,359701.7643,359701.7643
002284.SZ,20130531,2.2731,249437.76,220554.369
002285.SZ,20130531,3.1811,449779.2,449776.0995
002286.SZ,20130531,2.0443,292450.752,113916.2318
002287.SZ,20130531,6.3612,789264.0,789264.0
002288.SZ,20130531,3.2188,364156.1222,242262.9965
002289.SZ,20130531,3.1241,233810.0,106684.5943
002290.SZ,20130531,1.9845,189394.128,111217.3703
002291.SZ,20130531,1.3152,210743.0,210743.0
002292.SZ,20130531,7.387,1110835.2,577460.736
002293.SZ,20130531,3.2499,610860.2112,610860.2112
002294.SZ,20130531,8.692,2173752.0,954219.0735
002295.SZ,20130531,1.6113,134069.4,114780.8994
002296.SZ,20130531,4.6291,314235.48,146985.6166
002297.SZ,20130531,4.7502,286118.0,188289.71
002298.SZ,20130531,3.2888,392514.24,245229.3024
002299.SZ,20130531,3.5791,1161397.5,1141705.0651
002300.SZ,20130531,2.3717,271350.0,271321.1712
002301.SZ,20130531,2.1884,246047.8487,239476.3167
002302.SZ,20130531,2.4473,579534.487,165453.0153
002303.SZ,20130531,2.8906,531036.0,267410.1722
002304.SZ,20130531,4.1068,7002720.0,3286461.4234
002305.SZ,20130531,4.4801,919312.0851,570918.4066
002306.SZ,20130531,2.9203,349200.0,268712.892
002307.SZ,20130531,2.2351,274805.1612,274805.1612
002308.SZ,20130531,4.7127,892187.4,892187.4
002309.SZ,20130531,2.8297,694947.6,315719.64
002310.SZ,20130531,10.515,2720599.5003,909093.9334
002311.SZ,20130531,5.115,1443510.4242,1443221.7384
002312.SZ,20130531,3.606,283066.762,185482.6
002313.SZ,20130531,3.0253,589874.35,338503.75
002314.SZ,20130531,1.2367,221850.0,197316.45
002315.SZ,20130531,2.2639,371300.0,186825.4031
002316.SZ,20130531,3.6973,328582.8,328582.8
002317.SZ,20130531,5.2776,813600.0,497463.3081
002318.SZ,20130531,3.7649,606840.0,573607.4538
002319.SZ,20130531,3.7391,199400.0,199039.6742
002320.SZ,20130531,2.6317,500834.88,500829.3305
002321.SZ,20130531,1.9187,189630.0,187941.7125
002322.SZ,20130531,3.8321,426322.68,382254.0553
002323.SZ,20130531,1.8277,152452.196,106944.9576
002324.SZ,20130531,3.2404,424710.0,241510.9294
002325.SZ,20130531,6.0305,917065.008,626966.5022
002326.SZ,20130531,2.6901,274422.6,159283.305
002327.SZ,20130531,3.635,565608.3752,294419.1835
002328.SZ,20130531,1.587,333000.0,111022.4975
002329.SZ,20130531,3.4854,282480.0,224302.8176
002330.SZ,20130531,2.3362,304212.0,186296.52
002331.SZ,20130531,3.099,219184.5223,118419.1031
002332.SZ,20130531,3.8774,458500.2,441151.6483
002333.SZ,20130531,1.8027,227679.4308,219691.2832
002334.SZ,20130531,2.859,334798.848,216974.0936
002335.SZ,20130531,3.4117,326896.92,263904.8696
002336.SZ,20130531,1.1534,380000.0,95000.0
002337.SZ,20130531,1.5304,191195.55,51255.96
002338.SZ,20130531,3.9776,260520.0,257566.2546
002339.SZ,20130531,3.394,387231.712,222450.053
002340.SZ,20130531,3.7573,843871.6541,843871.6541
002341.SZ,20130531,4.1347,576217.92,198197.1928
002342.SZ,20130531,3.0827,717120.0,258510.555
002343.SZ,20130531,1.4814,178109.88,178109.88
002344.SZ,20130531,7.6096,2256800.0,2040074.0595
002345.SZ,20130531,2.9404,432720.0,430616.3461
002346.SZ,20130531,1.7062,163755.0,42455.0
002347.SZ,20130531,1.603,148075.2,46551.141
002348.SZ,20130531,3.1679,353305.6,240707.344
002349.SZ,20130531,4.2351,271400.0,266800.9207
002350.SZ,20130531,2.3561,234651.0,234651.0
002351.SZ,20130531,1.5741,247548.0,220595.58
002352.SZ,20130531,2.1223,153326.6366,67661.5905
002353.SZ,20130531,13.777,4382373.424,2308895.3266
002354.SZ,20130531,2.2107,101634.5,55674.7813
002355.SZ,20130531,2.5142,473468.8,427380.1008
002356.SZ,20130531,1.8074,169200.0,169200.0
002357.SZ,20130531,2.4396,152238.1135,152238.1135
002358.SZ,20130531,4.7785,561408.0,241651.5717
002359.SZ,20130531,2.6491,274671.2,178160.965
002360.SZ,20130531,2.293,152820.0,90293.1418
002361.SZ,20130531,3.1572,180160.0,102742.996
002362.SZ,20130531,2.6976,248359.2387,248359.2387
002363.SZ,20130531,1.4926,184957.2,148560.0
002364.SZ,20130531,4.5726,358491.3579,283745.862
002365.SZ,20130531,1.6924,180642.0,145533.6921
002366.SZ,20130531,1.533,112140.0,112140.0
002367.SZ,20130531,3.2466,488780.28,463645.5948
002368.SZ,20130531,4.1739,488887.993,466015.258
002369.SZ,20130531,2.8452,366000.0,159451.011
002370.SZ,20130531,4.178,292332.0,121538.0679
002371.SZ,20130531,4.2928,744903.0,588715.7786
002372.SZ,20130531,2.5053,454599.6,454599.6
002373.SZ,20130531,1.703,96216.12,94657.8176
002374.SZ,20130531,2.0946,163846.3,87814.8914
002375.SZ,20130531,5.5314,2014336.875,1863741.27
002376.SZ,20130531,4.5478,655200.0,578408.5507
002377.SZ,20130531,2.0665,149586.0,149586.0
002378.SZ,20130531,7.0873,1008014.9227,1008014.9227
002379.SZ,20130531,1.8301,303859.2,122711.36
002380.SZ,20130531,1.804,161160.0,161160.0
002381.SZ,20130531,2.5887,248508.0,147790.4157
002382.SZ,20130531,3.2829,311520.0,311520.0
002383.SZ,20130531,2.506,344635.2,344635.2
002384.SZ,20130531,3.8456,508800.0,180829.012
002385.SZ,20130531,4.5901,1900770.317,1085816.666
002386.SZ,20130531,1.0227,405406.7401,405406.7401
002387.SZ,20130531,2.2183,304908.9173,303583.7828
002388.SZ,20130531,2.9072,159440.4,159440.4
002389.SZ,20130531,2.499,382747.8804,152347.8804
002390.SZ,20130531,2.912,298418.4,280200.438
002391.SZ,20130531,2.757,475908.0768,475908.0768
002392.SZ,20130531,2.0135,400680.0,138429.3728
002393.SZ,20130531,2.4119,694241.2446,694241.2446
002394.SZ,20130531,1.1823,265434.0,265434.0
002395.SZ,20130531,1.9041,151359.279,151359.279
002396.SZ,20130531,3.4397,641386.62,444336.2658
002397.SZ,20130531,1.9775,225892.8,223125.8
002398.SZ,20130531,3.2614,473497.44,337223.5459
002399.SZ,20130531,1.8422,1504376.0,1504376.0
002400.SZ,20130531,8.5434,1070147.4781,914288.3196
002401.SZ,20130531,4.2441,252497.84,244569.6639
002402.SZ,20130531,1.6864,125562.75,109439.1375
002403.SZ,20130531,1.436,229680.0,229680.0
002404.SZ,20130531,1.564,181706.85,132707.25
002405.SZ,20130531,3.987,921206.8177,844350.9452
002406.SZ,20130531,1.1759,242913.0,167979.8603
002407.SZ,20130531,2.3447,340294.24,333140.2095
002408.SZ,20130531,2.7152,869006.88,869006.88
002409.SZ,20130531,2.2286,263949.84,263949.602
002410.SZ,20130531,5.0178,1107108.0,508311.8078
002411.SZ,20130531,3.2547,270977.4,270977.4
002412.SZ,20130531,3.4446,341140.0,341140.0
002413.SZ,20130531,1.445,173313.0,173313.0
002414.SZ,20130531,2.5097,593400.0,157981.1609
002415.SZ,20130531,8.2735,7534302.1529,5413137.6811
002416.SZ,20130531,2.1222,829253.0,808148.2688
002417.SZ,20130531,2.4329,214650.0,97660.3838
002418.SZ,20130531,1.4157,164278.4,112145.6018
002419.SZ,20130531,2.0404,793798.4,162526.304
002420.SZ,20130531,1.6799,269472.0,97560.96
002421.SZ,20130531,5.8369,413424.0,239906.205
002422.SZ,20130531,3.2404,2880480.0,1737235.311
002423.SZ,20130531,3.0381,540922.62,91798.0
002424.SZ,20130531,4.1967,858009.6,215961.6
002425.SZ,20130531,2.0479,190288.8,49439.52
002426.SZ,20130531,4.2721,550163.34,168441.408
002427.SZ,20130531,1.5799,152921.755,47473.5888
002428.SZ,20130531,6.8225,947677.12,498036.5562
002429.SZ,20130531,3.1144,1085014.6514,363861.7696
002430.SZ,20130531,2.6127,834761.7,307620.3453
002431.SZ,20130531,4.6576,1013760.0,478739.239
002432.SZ,20130531,5.2419,395436.0,132312.8856
002433.SZ,20130531,2.3827,443688.0,127680.0
002434.SZ,20130531,1.4541,279480.0,84322.1007
002435.SZ,20130531,2.0301,163548.0,99150.975
002436.SZ,20130531,2.3566,381120.4,242502.8519
002437.SZ,20130531,3.4341,750120.0,255040.8
002438.SZ,20130531,3.3585,282256.0,78092.2968
002439.SZ,20130531,2.9356,349326.2856,166289.5387
002440.SZ,20130531,2.0442,852904.0,315939.8921
002441.SZ,20130531,1.875,364704.0,121493.9221
002442.SZ,20130531,2.1624,243360.0,76960.4706
002443.SZ,20130531,1.8878,348469.612,140417.5645
002444.SZ,20130531,2.5498,733629.0,200337.2817
002445.SZ,20130531,2.2696,214831.8,92612.4
002446.SZ,20130531,2.2626,147008.0037,37416.6
002447.SZ,20130531,6.275,596032.0,236500.16
002448.SZ,20130531,2.1574,360977.1948,173741.3902
002449.SZ,20130531,1.6389,340560.0,181985.8392
002450.SZ,20130531,7.8906,2524570.0536,1408059.8251
002451.SZ,20130531,2.5988,165578.4,41394.6
002452.SZ,20130531,1.6822,173550.0,65161.4301
002453.SZ,20130531,4.4339,313440.0,155084.5876
002454.SZ,20130531,2.1119,411216.0,153414.4092
002455.SZ,20130531,1.9345,144738.3,49125.3
002456.SZ,20130531,8.0796,2248661.8,799620.9643
002457.SZ,20130531,1.9517,308192.64,170701.849
002458.SZ,20130531,3.2186,300175.2,75043.8
002459.SZ,20130531,1.7183,152053.2,94455.3719
002460.SZ,20130531,4.6237,383224.908,198259.3813
002461.SZ,20130531,1.9644,637311.5766,131008.8101
002462.SZ,20130531,2.5146,278880.0,224614.923
002463.SZ,20130531,1.7077,556658.1213,359735.0352
002464.SZ,20130531,2.4608,230614.4856,57816.0
002465.SZ,20130531,2.6524,1128859.6015,288575.0
002466.SZ,20130531,6.3827,646800.0,169818.0
002467.SZ,20130531,4.091,499440.0,275022.6709
002468.SZ,20130531,2.8758,207083.52,77863.4035
002469.SZ,20130531,5.8009,483962.5098,150498.45
002470.SZ,20130531,3.4152,1236900.0,441750.0
002471.SZ,20130531,2.4674,366705.6,99178.3709
002472.SZ,20130531,1.5062,211273.92,81607.9625
002473.SZ,20130531,3.4268,151680.0,50054.4
002474.SZ,20130531,2.4917,326032.8,137183.9105
002475.SZ,20130531,6.0906,1276700.04,321746.04
002476.SZ,20130531,5.619,542232.0,266542.4237
002477.SZ,20130531,4.2979,937170.0,400909.8799
002478.SZ,20130531,1.6166,415703.9,72177.304
002479.SZ,20130531,3.4936,676562.6,407808.24
002480.SZ,20130531,2.4317,442400.0,250478.7999
002481.SZ,20130531,5.3103,476280.0,230956.11
002482.SZ,20130531,3.9117,1249792.0,393985.6091
002483.SZ,20130531,1.4539,304920.0,76230.0
002484.SZ,20130531,2.4342,332800.0,83200.0
002485.SZ,20130531,1.208,236160.0,74095.2
002486.SZ,20130531,1.8325,171392.0,111031.94
002487.SZ,20130531,1.3947,206640.0,100928.142
002488.SZ,20130531,1.6725,148680.0,72611.595
002489.SZ,20130531,1.5956,485356.6047,139540.0238
002490.SZ,20130531,3.2713,951035.2928,173130.848
002491.SZ,20130531,2.2772,370099.6,130001.4481
002492.SZ,20130531,1.9044,154800.0,77013.0
002493.SZ,20130531,1.6014,1075304.0,108304.0
002494.SZ,20130531,1.7315,166164.0,90278.0578
002495.SZ,20130531,1.5469,167031.36,62127.0
002496.SZ,20130531,2.1767,368061.345,158511.5693
002497.SZ,20130531,3.5094,660000.0,165000.0
002498.SZ,20130531,1.8324,704708.4,93790.3703
002499.SZ,20130531,3.4029,223650.0,68663.3074
002500.SZ,20130531,3.0648,1874243.8,1138649.3835
002501.SZ,20130531,2.373,677664.0,293481.0512
002502.SZ,20130531,1.6407,144601.6,79986.375
002503.SZ,20130531,3.3107,627696.0,156924.0
002504.SZ,20130531,1.5835,106572.0,65498.1781
002505.SZ,20130531,2.7046,221554.56,127611.6056
002506.SZ,20130531,3.6172,305354.24,165292.0033
002507.SZ,20130531,4.0289,395870.0,128347.9549
002508.SZ,20130531,4.7462,810240.0,293712.0
002509.SZ,20130531,4.9517,415600.0,156992.9
002510.SZ,20130531,1.4592,208229.12,74744.5854
002511.SZ,20130531,2.1081,471952.0,214449.2868
002512.SZ,20130531,4.0555,391220.9064,99468.0
002513.SZ,20130531,1.9189,229956.48,59042.88
002514.SZ,20130531,2.8547,147750.4,52147.2
002515.SZ,20130531,2.4013,203808.15,51298.65
002516.SZ,20130531,1.2578,211500.0,95458.998
002517.SZ,20130531,2.9238,188999.2,47249.8
002518.SZ,20130531,1.9061,242604.0,61178.4
002519.SZ,20130531,2.1099,218592.0,54648.0
002520.SZ,20130531,2.9852,185112.0,69185.61
002521.SZ,20130531,1.6929,359527.5,222080.7677
002522.SZ,20130531,3.0885,311305.728,93593.088
002523.SZ,20130531,1.4444,153753.6,90914.7661
002524.SZ,20130531,4.924,409712.8992,189971.806
002526.SZ,20130531,1.8037,350304.0,268258.1246
002527.SZ,20130531,2.5573,362077.98,161989.4557
002528.SZ,20130531,1.8219,395446.662,99278.4
002529.SZ,20130531,2.2145,220000.0,113874.145
002530.SZ,20130531,2.6819,161336.0,98992.88
002531.SZ,20130531,2.4259,426314.0,127163.6542
002532.SZ,20130531,3.143,285120.0,80444.573
002533.SZ,20130531,1.1898,209328.0,126432.6168
002534.SZ,20130531,2.6463,683687.64,197610.8209
002535.SZ,20130531,1.8166,381675.6013,147720.2875
002536.SZ,20130531,1.3043,152640.0,64010.22
002537.SZ,20130531,1.4082,190500.0,86201.25
002538.SZ,20130531,2.3379,378288.0,178945.56
002539.SZ,20130531,1.3648,302570.56,95182.7087
002540.SZ,20130531,1.5608,345280.0,119531.62
002541.SZ,20130531,1.4878,314096.0,81571.2
002542.SZ,20130531,3.4319,272143.2,78628.2
002543.SZ,20130531,1.8149,420400.0,105100.0
002544.SZ,20130531,3.3732,345215.36,207499.9952
002545.SZ,20130531,1.4474,397401.75,99636.75
002546.SZ,20130531,2.7783,287952.0,88748.349
002547.SZ,20130531,4.6989,363804.0,141316.3332
002548.SZ,20130531,2.0733,167931.0,47945.3545
002549.SZ,20130531,5.4672,407160.0,101790.0
002550.SZ,20130531,3.2702,585120.0,320121.4523
002551.SZ,20130531,5.0245,619920.0,281250.7522
002552.SZ,20130531,2.3748,192600.0,51039.0
002553.SZ,20130531,2.0808,117189.0,42767.25
002554.SZ,20130531,5.7281,698017.5,270324.0856
002555.SZ,20130531,1.937,150080.0,38080.0
002556.SZ,20130531,1.8562,354016.0,193157.0496
002557.SZ,20130531,2.7308,657410.0,164352.5
002558.SZ,20130531,2.4359,144942.0,36752.541
002559.SZ,20130531,1.5204,178288.0,84917.5189
002560.SZ,20130531,1.5246,136295.9632,45240.3071
002561.SZ,20130531,2.2684,359219.232,215152.2389
002562.SZ,20130531,2.8965,218308.2,54628.2
002563.SZ,20130531,2.2607,1652890.0,172690.0
002564.SZ,20130531,1.7017,367058.048,168053.7914
002565.SZ,20130531,2.4799,415921.92,222757.246
002566.SZ,20130531,2.3839,377726.0928,189989.5938
002567.SZ,20130531,2.4945,398268.0,218571.4986
002568.SZ,20130531,4.8687,314720.0,133992.04
002569.SZ,20130531,2.2053,134829.63,42385.2413
002570.SZ,20130531,5.5213,1821363.75,1116253.6946
002571.SZ,20130531,5.2354,524896.8,222664.8
002572.SZ,20130531,4.5894,716963.46,176094.0
002573.SZ,20130531,4.4562,953712.0,471523.59
002574.SZ,20130531,1.2631,357600.0,110421.8513
002575.SZ,20130531,2.2335,198024.0,50024.0
002576.SZ,20130531,1.3102,111772.7,60128.4313
002577.SZ,20130531,2.1365,295892.48,73973.12
002578.SZ,20130531,2.1831,200147.0,50095.0
002579.SZ,20130531,2.2363,133642.08,58361.3642
002580.SZ,20130531,2.0456,163503.824,58224.32
002581.SZ,20130531,2.6685,179474.1,105206.4975
002582.SZ,20130531,1.9528,252396.0,95205.6248
002583.SZ,20130531,3.2985,597144.0,213581.8155
002584.SZ,20130531,1.8704,185200.0,67072.1478
002585.SZ,20130531,1.1675,419744.0,104936.0
002586.SZ,20130531,4.6681,396739.95,128046.4522
002587.SZ,20130531,3.4538,175593.6,94276.8101
002588.SZ,20130531,2.873,675797.2,218822.3336
002589.SZ,20130531,4.1097,384486.2,168533.1067
002590.SZ,20130531,1.95,126317.022,35191.1726
002591.SZ,20130531,1.9687,142800.0,42840.0
002592.SZ,20130531,2.4941,168566.3291,57806.9739
002593.SZ,20130531,1.3866,165572.0,60215.1
002594.SZ,20130531,3.8943,8307618.9,1215721.1434
002595.SZ,20130531,2.7756,585400.0,207428.8798
002596.SZ,20130531,2.8638,251652.0,120053.4975
002597.SZ,20130531,1.5991,269349.6,68088.9356
002598.SZ,20130531,3.5362,229320.0,96115.95
002599.SZ,20130531,2.0639,118140.0,37590.0
002600.SZ,20130531,2.8681,371508.2,151736.2
002601.SZ,20130531,1.8583,391040.0,232102.6947
002602.SZ,20130531,1.2395,198712.5,95382.0
002603.SZ,20130531,3.9447,1544237.5,236177.5
002604.SZ,20130531,2.3783,408793.84,304237.1379
002605.SZ,20130531,3.7603,287232.0,85393.7357
002606.SZ,20130531,3.8386,266000.0,66500.0
002607.SZ,20130531,1.9857,174064.0,71713.379
002608.SZ,20130531,1.5857,324870.0,99090.875
002609.SZ,20130531,3.0047,197602.1556,48270.0
002610.SZ,20130531,1.6853,207600.0,115483.9875
002611.SZ,20130531,2.1909,163009.6,61776.3391
002612.SZ,20130531,2.4428,551200.0,160059.9364
002613.SZ,20130531,1.6147,230688.0,67270.8419
002614.SZ,20130531,1.7957,351600.0,106280.6225
002615.SZ,20130531,2.2283,124761.6,44794.015
002616.SZ,20130531,2.1038,228216.0,58765.62
002617.SZ,20130531,2.0396,176760.0,44190.0
002618.SZ,20130531,4.2628,379520.0,154852.1062
002619.SZ,20130531,2.1574,131152.45,56409.5805
002620.SZ,20130531,2.5677,236640.0,112411.0992
002621.SZ,20130531,1.8839,188550.0,47137.5
002622.SZ,20130531,1.4706,168000.0,47353.6
002623.SZ,20130531,1.498,304000.0,144400.0
002624.SZ,20130531,2.733,135600.0,50172.0
002625.SZ,20130531,2.6773,111946.755,40585.005
002626.SZ,20130531,1.9893,245160.0,157237.3703
002627.SZ,20130531,1.6083,136170.0,71032.8
002628.SZ,20130531,2.075,337006.0,184781.8539
002629.SZ,20130531,2.9921,217474.215,152424.3761
002630.SZ,20130531,2.6736,442550.0,254877.0
002631.SZ,20130531,1.3997,171840.0,75151.2598
002632.SZ,20130531,1.8138,162778.42,59170.65
002633.SZ,20130531,1.9247,108000.0,44982.0
002634.SZ,20130531,2.3265,115057.5,40727.25
002635.SZ,20130531,9.308,1019520.0,352753.144
002636.SZ,20130531,1.5295,202160.0,62793.1927
002637.SZ,20130531,1.7973,171200.0,103264.7434
002638.SZ,20130531,2.5177,542896.83,334364.8644
002639.SZ,20130531,1.7362,200800.0,114942.94
002640.SZ,20130531,3.7594,254146.04,63546.04
002641.SZ,20130531,2.4333,444240.0,111060.0
002642.SZ,20130531,4.8063,411600.0,115165.5894
002643.SZ,20130531,3.6508,450947.04,296873.0099
002644.SZ,20130531,3.0661,208638.584,56046.76
002645.SZ,20130531,2.753,180849.042,49694.832
002646.SZ,20130531,4.9337,958950.0,335632.5
002647.SZ,20130531,1.3933,139012.93,48714.0284
002648.SZ,20130531,2.4976,808800.0,202200.0
002649.SZ,20130531,5.0612,480750.0,126436.5289
002650.SZ,20130531,2.4144,420480.0,204757.992
002651.SZ,20130531,2.9282,624758.0,179793.2016
002652.SZ,20130531,2.503,134576.82,34756.848
002653.SZ,20130531,16.6956,2485421.2,392672.944
002654.SZ,20130531,3.4241,170368.0,42592.0
002655.SZ,20130531,4.1119,238560.0,132281.52
002656.SZ,20130531,3.2194,375400.0,107927.5
002657.SZ,20130531,3.4479,228237.9362,116042.1107
002658.SZ,20130531,4.7102,508649.36,127206.0
002659.SZ,20130531,2.7064,181935.0,85059.0
002660.SZ,20130531,3.4112,234743.684,134886.5595
002661.SZ,20130531,4.0812,263031.28,68607.22
002662.SZ,20130531,1.8669,492000.0,122989.504
002663.SZ,20130531,5.348,1017336.32,380190.72
002664.SZ,20130531,3.1505,330949.88,129982.34
002665.SZ,20130531,4.2324,683818.8,307449.24
002666.SZ,20130531,2.2674,319840.0,114568.8049
002667.SZ,20130531,1.9579,130725.54,53805.54
002668.SZ,20130531,1.8961,228183.0,99843.0
002669.SZ,20130531,2.1894,116000.0,41915.324
002670.SZ,20130531,2.0289,156400.0,60900.076
002671.SZ,20130531,3.9208,288960.94,176041.4624
002672.SZ,20130531,4.68,1008191.7058,367783.8772
002673.SZ,20130531,3.9775,1825200.0,489281.2119
002674.SZ,20130531,1.7896,256560.0,132333.648
002675.SZ,20130531,2.7964,293652.0,136272.8813
002676.SZ,20130531,1.7041,171360.0,44313.8684
002677.SZ,20130531,2.2094,184000.0,46000.0
002678.SZ,20130531,4.1871,718434.0,117211.455
002679.SZ,20130531,3.4895,216895.52,54239.52
002680.SZ,20130531,2.761,191440.0,47860.0
002681.SZ,20130531,2.7986,246000.0,61500.0
002682.SZ,20130531,1.6753,175200.0,43800.0
002683.SZ,20130531,5.2303,614839.68,153766.08
002684.SZ,20130531,3.5163,186509.064,46736.2
002685.SZ,20130531,2.0898,164400.0,41100.0
002686.SZ,20130531,3.4107,221144.13,55292.13
002687.SZ,20130531,2.2539,205419.88,51370.6
002688.SZ,20130531,3.0636,253783.6,63445.9
002689.SZ,20130531,2.2309,268045.284,67037.0675
002690.SZ,20130531,5.1432,716000.0,179000.0
002691.SZ,20130531,3.2389,249000.0,62248.755
002692.SZ,20130531,2.4804,274527.63,68650.83
002693.SZ,20130531,3.1298,253800.0,63450.0
002694.SZ,20130531,2.2601,214617.6,53609.688
002695.SZ,20130531,2.1328,288012.9137,72028.5
002696.SZ,20130531,2.0555,182776.0,45694.0
002697.SZ,20130531,1.9347,326400.0,81593.9616
002698.SZ,20130531,5.5972,753078.0,76998.0
002699.SZ,20130531,2.8344,171759.5,43169.5
002700.SZ,20130531,5.1441,308459.628,77129.628
002701.SZ,20130531,3.7242,1045744.7,261444.7
002702.SZ,20130531,3.2154,251692.0,63012.0
002703.SZ,20130531,5.9237,432590.9381,23370.0
300001.SZ,20130531,2.7778,334267.2,334192.14
300002.SZ,20130531,2.7214,854485.5906,451998.4474
300003.SZ,20130531,4.128,1055600.0,891938.7425
300004.SZ,20130531,5.3724,464924.0,338881.1648
300005.SZ,20130531,6.685,545072.1641,290769.8318
300006.SZ,20130531,5.3829,366549.0,288421.4322
300007.SZ,20130531,2.8053,172516.0,97406.8757
300008.SZ,20130531,3.2915,168888.132,121445.08
300009.SZ,20130531,6.3985,398066.435,212171.779
300010.SZ,20130531,2.8557,226693.7124,129499.6235
300011.SZ,20130531,3.2019,231885.576,179956.8337
300012.SZ,20130531,6.0329,499696.47,237340.873
300013.SZ,20130531,4.6724,157950.0,122055.8625
300014.SZ,20130531,6.2483,459530.61,355377.3288
300015.SZ,20130531,6.1129,972156.6855,764980.4093
300016.SZ,20130531,5.0555,256312.9965,201306.7453
300017.SZ,20130531,5.9475,526564.0334,340398.9486
300018.SZ,20130531,1.7862,125840.0,97475.18
300019.SZ,20130531,3.547,170217.6,123652.0723
300020.SZ,20130531,6.729,544080.0,532010.8615
300021.SZ,20130531,5.7148,264948.6,154387.9904
300022.SZ,20130531,4.1205,255541.0,225570.8341
300023.SZ,20130531,2.4845,82350.0,31859.1563
300024.SZ,20130531,8.1601,1166827.2,1126024.4531
300025.SZ,20130531,3.5341,120744.0,74046.258
300026.SZ,20130531,9.2316,1303667.5005,873722.0043
300027.SZ,20130531,7.4949,1842825.6,1245350.6439
300028.SZ,20130531,2.2313,169344.0,123268.608
300029.SZ,20130531,2.0342,139400.0,121560.1526
300030.SZ,20130531,2.5157,161320.0,118881.8757
300031.SZ,20130531,2.0888,149100.0,106038.7103
300032.SZ,20130531,5.2931,444225.1,402940.8831
300033.SZ,20130531,2.124,238291.2,108980.3439
300034.SZ,20130531,3.8844,377762.8904,377762.8904
300035.SZ,20130531,2.0719,167115.4875,102072.2483
300036.SZ,20130531,2.782,155880.0,113474.4048
300037.SZ,20130531,3.9148,450427.2,241384.3785
300038.SZ,20130531,1.6708,158725.1735,97808.424
300039.SZ,20130531,5.8016,786489.6,589230.33
300040.SZ,20130531,1.5702,209461.2,149630.169
300041.SZ,20130531,1.9669,179261.1701,131853.5851
300042.SZ,20130531,1.8723,151502.4,92824.4477
300043.SZ,20130531,3.6576,320360.3003,122462.8787
300044.SZ,20130531,3.2382,185900.0,108791.1677
300045.SZ,20130531,5.9633,448900.0,237460.5625
300046.SZ,20130531,1.5793,126167.04,79174.08
300047.SZ,20130531,2.7188,276144.0,162038.58
300048.SZ,20130531,2.4203,355728.3296,293589.8456
300049.SZ,20130531,2.0745,146945.5,127875.7917
300050.SZ,20130531,1.5738,243000.0,96413.0625
300051.SZ,20130531,4.3724,212181.0,133383.818
300052.SZ,20130531,2.6741,237900.0,161929.8467
300053.SZ,20130531,2.9247,180800.0,133430.174
300054.SZ,20130531,7.5318,479424.0,475200.0
300055.SZ,20130531,5.0126,880422.4,648601.6794
300056.SZ,20130531,3.5866,136656.0,85850.4017
300057.SZ,20130531,4.6287,678998.0,303216.05
300058.SZ,20130531,12.074,1680118.6906,1043777.2126
300059.SZ,20130531,4.2294,706944.0,539146.2465
300061.SZ,20130531,2.515,94944.0,55071.0804
300062.SZ,20130531,1.9392,140184.5,70256.417
300063.SZ,20130531,1.6159,104017.5,63455.2031
300064.SZ,20130531,2.4505,331360.0,313674.7587
300065.SZ,20130531,1.7836,101463.8631,77510.3814
300066.SZ,20130531,2.2313,204326.933,138978.9454
300067.SZ,20130531,1.6344,118770.0,63805.3034
300068.SZ,20130531,1.8278,496137.6,293717.6969
300069.SZ,20130531,2.3539,114348.0,53336.0692
300070.SZ,20130531,8.8514,3461584.7283,2004508.223
300071.SZ,20130531,3.9874,195790.194,140111.0996
300072.SZ,20130531,6.6825,863913.232,780767.7442
300073.SZ,20130531,2.039,171520.0,163069.9311
300074.SZ,20130531,4.2821,389400.0,228089.7331
300075.SZ,20130531,4.0299,380520.0,223739.0103
300076.SZ,20130531,1.3228,140556.0,111404.2215
300077.SZ,20130531,1.741,476272.0,436219.1883
300078.SZ,20130531,2.3462,257782.5,121011.0898
300079.SZ,20130531,2.8562,732480.0,621182.0424
300080.SZ,20130531,1.3949,389170.3123,143865.2879
300081.SZ,20130531,2.1316,177684.0,109831.2102
300082.SZ,20130531,1.2539,346731.84,346691.709
300083.SZ,20130531,3.032,404400.0,404400.0
300084.SZ,20130531,2.895,178688.0,159479.0009
300085.SZ,20130531,3.1514,163200.0,85931.94
300086.SZ,20130531,1.6734,294600.0,104125.8633
300087.SZ,20130531,2.2358,127564.8,92177.1648
300088.SZ,20130531,5.9372,865837.05,457735.3838
300089.SZ,20130531,1.5066,118650.0,58958.9648
300090.SZ,20130531,8.3146,862819.9346,456564.2146
300091.SZ,20130531,2.0798,162184.0,72847.0
300092.SZ,20130531,1.7897,96551.0,25563.9653
300093.SZ,20130531,1.6058,137808.0,85091.655
300094.SZ,20130531,1.562,220704.0,78833.2618
300095.SZ,20130531,1.5775,108878.0,38178.0
300096.SZ,20130531,4.2506,264880.0,141127.602
300097.SZ,20130531,2.3304,94920.0,38569.8529
300098.SZ,20130531,3.3445,252532.8,88195.9728
300099.SZ,20130531,3.2539,232537.5,77492.727
300100.SZ,20130531,2.4412,239547.0,85827.0
300101.SZ,20130531,7.2605,530146.0,312298.9015
300102.SZ,20130531,1.7086,291460.0,141214.9388
300103.SZ,20130531,2.9136,210040.128,63373.0292
300104.SZ,20130531,13.0688,1721324.0,668145.1623
300105.SZ,20130531,5.5548,1019589.12,254897.28
300106.SZ,20130531,3.4432,203697.0,104738.3476
300107.SZ,20130531,1.6387,130990.2,38474.7
300108.SZ,20130531,2.6612,100183.2,60085.9442
300109.SZ,20130531,2.9548,106905.6,63204.933
300110.SZ,20130531,3.5064,460204.858,210072.9403
300111.SZ,20130531,3.9203,446902.0,147444.9984
300112.SZ,20130531,3.0873,136186.5375,34222.5
300113.SZ,20130531,6.6448,524700.0,223988.396
300114.SZ,20130531,2.446,194040.0,53943.12
300115.SZ,20130531,5.7417,866880.0,363092.94
300116.SZ,20130531,2.0676,97600.0,51238.7824
300117.SZ,20130531,1.4301,173108.4,77072.1316
300118.SZ,20130531,1.6564,323120.0,160899.324
300119.SZ,20130531,3.0375,452283.1914,170921.6523
300120.SZ,20130531,2.0771,121299.75,42593.1985
300121.SZ,20130531,2.9403,129870.0,32467.5
300122.SZ,20130531,7.1231,1636400.0,281153.975
300123.SZ,20130531,2.4542,210466.6533,111062.5533
300124.SZ,20130531,5.1382,1307534.4,399748.6785
300125.SZ,20130531,1.5068,160480.0,78116.7707
300126.SZ,20130531,1.4243,132918.12,42757.2019
300127.SZ,20130531,3.3609,314421.4083,79786.0
300128.SZ,20130531,4.1035,552859.84,254852.0
300129.SZ,20130531,1.3778,189540.0,94816.6023
300130.SZ,20130531,1.4573,143446.5,59919.975
300131.SZ,20130531,3.3158,182510.64,88410.608
300132.SZ,20130531,2.823,155332.8,47848.0553
300133.SZ,20130531,9.287,1414530.2004,540288.1512
300134.SZ,20130531,2.0098,430720.0,144654.62
300135.SZ,20130531,2.94,303104.0,120673.103
300136.SZ,20130531,4.8194,308948.78,192019.9107
300137.SZ,20130531,2.8427,257400.0,184212.9036
300138.SZ,20130531,1.79,176338.5963,52046.0
300139.SZ,20130531,2.7071,310168.0,118278.435
300140.SZ,20130531,1.7692,139080.0,73909.3646
300141.SZ,20130531,2.88,169740.0,55867.5604
300142.SZ,20130531,2.5256,752618.16,254483.2156
300143.SZ,20130531,2.2177,165972.4,94374.3377
300144.SZ,20130531,2.9516,848488.32,263799.8
300145.SZ,20130531,3.3897,383184.0,144725.4967
300146.SZ,20130531,9.1328,1627932.96,550198.1115
300147.SZ,20130531,5.1008,769031.55,468822.6
300148.SZ,20130531,3.4108,177348.6,60626.086
300149.SZ,20130531,2.4204,148740.0,46360.1209
300150.SZ,20130531,1.7848,235980.0,130768.0863
300151.SZ,20130531,1.46,103314.0,40113.2025
300152.SZ,20130531,2.1643,301028.75,187000.0
300153.SZ,20130531,1.466,135200.0,63979.175
300154.SZ,20130531,1.4413,202044.0,70887.16
300155.SZ,20130531,2.8118,283667.874,91238.75
300156.SZ,20130531,2.5841,415756.8,215803.7626
300157.SZ,20130531,3.1507,622501.4743,344209.7424
300158.SZ,20130531,1.7714,337248.0,108070.6719
300159.SZ,20130531,3.5356,328328.0,84884.8
300160.SZ,20130531,1.5514,160834.8,58375.8
300161.SZ,20130531,1.6991,143198.24,83878.5225
300162.SZ,20130531,2.6302,190280.0,48493.0
300163.SZ,20130531,1.5416,98592.0,46639.2102
300164.SZ,20130531,2.3852,268725.6,162207.4455
300165.SZ,20130531,1.6444,233342.72,131359.884
300166.SZ,20130531,2.6893,203926.5375,68596.5
300167.SZ,20130531,3.1708,219375.36,106124.31
300168.SZ,20130531,5.526,681007.656,485712.416
300169.SZ,20130531,1.8126,169141.5,85554.717
300170.SZ,20130531,3.6013,448942.8682,252992.7085
300171.SZ,20130531,2.9057,654784.0,212804.8
300172.SZ,20130531,2.526,203060.0,140615.2434
300173.SZ,20130531,1.6331,92848.6,40334.4019
300174.SZ,20130531,2.3476,115600.0,30853.1555
300175.SZ,20130531,2.9727,214214.0,120536.416
300176.SZ,20130531,1.9827,109425.6,36194.0472
300177.SZ,20130531,4.4925,371800.0,163892.485
300178.SZ,20130531,1.7939,190910.3,111455.4
300179.SZ,20130531,2.5777,171072.0,68637.8231
300180.SZ,20130531,1.6786,211720.0,97870.25
300181.SZ,20130531,3.1769,228960.0,142444.2443
300182.SZ,20130531,6.6529,737030.0828,180999.0
300183.SZ,20130531,4.2986,636680.0,159170.0
300184.SZ,20130531,2.0309,86743.35,57376.0772
300185.SZ,20130531,1.129,390600.0,210152.2182
300186.SZ,20130531,2.2608,449094.0,112694.0
300187.SZ,20130531,5.6017,453569.76,129048.0
300188.SZ,20130531,4.4563,346028.592,84240.0
300189.SZ,20130531,2.0702,280320.0,115515.0244
300190.SZ,20130531,2.9703,286607.835,116795.6604
300191.SZ,20130531,2.9124,332480.0,95338.64
300192.SZ,20130531,1.7172,103083.75,50490.0
300193.SZ,20130531,1.2619,233239.5,121476.4292
300194.SZ,20130531,2.3622,396264.7,109624.8835
300195.SZ,20130531,2.9688,397516.08,100304.8638
300196.SZ,20130531,3.3682,299400.0,126730.4063
300197.SZ,20130531,6.499,1010578.8096,263850.7328
300198.SZ,20130531,3.4025,353138.175,218907.3292
300199.SZ,20130531,4.8368,490400.0,226992.674
300200.SZ,20130531,2.4501,174511.2,65592.4006
300201.SZ,20130531,2.7591,175296.0,113129.4648
300202.SZ,20130531,8.836,714016.0,242496.0
300203.SZ,20130531,3.6777,659045.0,131599.1408
300204.SZ,20130531,6.4022,825079.0,229332.2172
300205.SZ,20130531,3.2978,327917.7,118731.1823
300206.SZ,20130531,2.3633,271440.0,114509.7682
300207.SZ,20130531,3.5198,425256.0,132307.6181
300208.SZ,20130531,3.2334,211680.0,135777.6
300209.SZ,20130531,2.2046,185120.0,46280.0
300210.SZ,20130531,4.751,323486.73,85131.3566
300211.SZ,20130531,1.9251,90938.232,32403.8642
300212.SZ,20130531,10.233,787920.0,410885.874
300213.SZ,20130531,1.8951,133560.0,37349.488
300214.SZ,20130531,1.7354,200677.5,78368.5198
300215.SZ,20130531,5.3428,621360.0,345200.0
300216.SZ,20130531,2.8582,223715.4192,106087.8
300217.SZ,20130531,2.3016,237876.408,93503.9726
300218.SZ,20130531,2.0805,162201.6,45416.448
300219.SZ,20130531,2.835,218464.74,95904.0371
300220.SZ,20130531,5.4368,155610.0,47811.9506
300221.SZ,20130531,1.9809,133000.0,68107.452
300222.SZ,20130531,2.1713,130788.0,48011.4598
300223.SZ,20130531,1.8653,197392.0,87810.3095
300224.SZ,20130531,3.246,428160.0,133304.94
300225.SZ,20130531,1.7089,123414.0,48905.4193
300226.SZ,20130531,3.5193,126960.0,46147.9763
300227.SZ,20130531,7.0689,221502.0,112084.4751
300228.SZ,20130531,14.2806,1118766.0,606782.3269
300229.SZ,20130531,4.6771,367200.0,123275.466
300230.SZ,20130531,2.2763,113228.8848,39898.116
300231.SZ,20130531,4.6938,148080.0,47015.4
300232.SZ,20130531,2.3512,134580.0519,52844.8689
300233.SZ,20130531,2.324,230021.0,112128.584
300234.SZ,20130531,7.15,278400.0,69600.0
300235.SZ,20130531,3.3318,101640.0,31959.9034
300236.SZ,20130531,3.6049,132199.36,33368.0
300237.SZ,20130531,1.7223,96387.0,27901.5
300238.SZ,20130531,5.9832,268962.2,159013.5561
300239.SZ,20130531,7.209,233501.736,140016.1445
300240.SZ,20130531,2.2031,210740.16,94350.0
300241.SZ,20130531,5.3476,292991.6405,109172.2416
300242.SZ,20130531,2.5757,72825.0,24177.9
300243.SZ,20130531,2.5173,93047.2,46247.415
300244.SZ,20130531,8.674,446011.02,225341.1763
300245.SZ,20130531,3.3754,177952.0,69002.9491
300246.SZ,20130531,5.9593,215333.712,79260.6355
300247.SZ,20130531,1.7213,98345.25,42365.1488
300248.SZ,20130531,2.3531,113819.2,43569.02
300249.SZ,20130531,2.4852,117443.2,57336.0998
300250.SZ,20130531,3.4883,122960.0,39730.0667
300251.SZ,20130531,7.8469,1549437.12,422741.1573
300252.SZ,20130531,4.2109,285120.0,100848.726
300253.SZ,20130531,7.4988,398575.0,186312.6098
300254.SZ,20130531,2.398,144236.4,36436.4
300255.SZ,20130531,3.1556,354792.4121,175622.1094
300256.SZ,20130531,2.6686,195150.0,107811.5933
300257.SZ,20130531,5.2437,1610180.0,542876.6966
300258.SZ,20130531,2.4328,239040.0,94107.06
300259.SZ,20130531,4.3762,285313.6,105057.6664
300260.SZ,20130531,1.9223,117858.9,34957.8863
300261.SZ,20130531,4.1285,250070.784,67273.728
300262.SZ,20130531,8.2992,390595.2,184832.723
300263.SZ,20130531,2.6367,244000.08,83589.3
300264.SZ,20130531,1.7084,101898.0,62140.3475
300265.SZ,20130531,2.1172,157545.0,40845.0
300266.SZ,20130531,3.1518,166449.92,41612.48
300267.SZ,20130531,3.7709,440128.0,139788.7118
300268.SZ,20130531,1.5696,75710.0,19210.0
300269.SZ,20130531,1.8887,108604.08,48708.7705
300270.SZ,20130531,5.02,235320.0,87460.3568
300271.SZ,20130531,3.4465,288452.0,179894.3099
300272.SZ,20130531,4.5401,224632.254,104257.7968
300273.SZ,20130531,11.2447,1007285.895,506003.4788
300274.SZ,20130531,2.5296,465776.64,203777.28
300275.SZ,20130531,4.1954,231957.712,80732.512
300276.SZ,20130531,2.724,144643.2,52831.3298
300277.SZ,20130531,2.1364,118992.0,34595.9827
300278.SZ,20130531,3.4246,183977.4,46047.4
300279.SZ,20130531,3.1609,112200.0,51293.6325
300280.SZ,20130531,1.7026,107520.0,26880.0
300281.SZ,20130531,2.3322,131880.0,53246.55
300282.SZ,20130531,4.705,137150.988,44321.55
300283.SZ,20130531,2.1612,116297.4189,30046.77
300284.SZ,20130531,2.3559,324480.0,197675.9241
300285.SZ,20130531,5.6075,313872.0,78468.0
300286.SZ,20130531,3.0586,117115.26,29287.26
300287.SZ,20130531,6.2201,304752.0,146825.16
300288.SZ,20130531,11.4202,557068.8,139788.8
300289.SZ,20130531,5.5405,434688.0,132036.48
300290.SZ,20130531,4.9315,171632.0,63156.2524
300291.SZ,20130531,5.5898,522720.0,287496.0
300292.SZ,20130531,3.4611,110055.0,34155.0
300293.SZ,20130531,4.6447,295200.0,73800.0
300294.SZ,20130531,3.7306,272576.8,114656.5469
300295.SZ,20130531,4.0662,258214.0,119347.5369
300296.SZ,20130531,2.6431,174000.0,43500.0
300297.SZ,20130531,3.3698,225400.0,130010.26
300298.SZ,20130531,7.5488,618288.0,154572.0
300299.SZ,20130531,3.6844,140378.4,55676.739
300300.SZ,20130531,5.0631,297435.6,92905.89
300301.SZ,20130531,4.5968,334260.0,83565.0
300302.SZ,20130531,2.9941,140640.0,35160.0
300303.SZ,20130531,4.6647,379712.0,215458.0816
300304.SZ,20130531,2.3267,192600.0,48150.0
300305.SZ,20130531,2.0824,244400.0,61100.0
300306.SZ,20130531,2.0779,186000.0,57473.349
300307.SZ,20130531,1.7232,699344.0,136649.6638
300308.SZ,20130531,2.2759,120246.012,41943.8453
300309.SZ,20130531,3.9504,472136.402,124254.0392
300310.SZ,20130531,3.879,237776.0,59444.0
300311.SZ,20130531,3.9573,161620.2,40462.2
300312.SZ,20130531,2.4447,211546.44,83048.04
300313.SZ,20130531,3.0691,118910.28,47865.9984
300314.SZ,20130531,5.5632,326400.0,87720.0
300315.SZ,20130531,14.2804,1260182.0,684955.04
300316.SZ,20130531,2.0486,347776.8,112626.6756
300317.SZ,20130531,2.4347,141820.0,66550.8078
300318.SZ,20130531,3.2748,223846.4,82187.0201
300319.SZ,20130531,3.7325,105986.58,47497.248
300320.SZ,20130531,2.7348,166741.67,41691.67
300321.SZ,20130531,1.8622,92307.6,37469.9792
300322.SZ,20130531,4.6982,236442.885,59132.885
300323.SZ,20130531,1.6133,278000.0,69500.0
300324.SZ,20130531,4.3405,236712.0,59178.0
300325.SZ,20130531,2.4022,162480.0,40620.0
300326.SZ,20130531,6.1953,284514.375,72169.5
300327.SZ,20130531,2.2431,129664.0,32416.0
300328.SZ,20130531,3.7636,226576.0,56644.0
300329.SZ,20130531,2.3923,118840.26,29749.98
300330.SZ,20130531,3.0256,128880.0,32220.0
300331.SZ,20130531,5.9855,279062.0,69765.5
300332.SZ,20130531,3.8037,447680.0,111920.0
300333.SZ,20130531,2.3224,189280.0,47320.0
300334.SZ,20130531,7.1477,515156.0,128789.0
300335.SZ,20130531,4.2894,313849.8765,78480.0
300336.SZ,20130531,4.6328,384000.0,96000.0
300337.SZ,20130531,2.7591,456165.6,114285.6
300338.SZ,20130531,1.8662,129600.0,32400.0
300339.SZ,20130531,4.0145,263371.68,65860.08
300340.SZ,20130531,2.3951,222550.0,55637.5
300341.SZ,20130531,2.3018,111504.0,27876.0
300342.SZ,20130531,2.7659,197900.0,49475.0
300343.SZ,20130531,5.7829,246160.0,61540.0
300344.SZ,20130531,2.3106,160228.88,40057.22
300345.SZ,20130531,2.3649,151008.0,37752.0
300346.SZ,20130531,3.4199,375516.9,93897.9
300347.SZ,20130531,8.1387,544680.0,136680.0
300348.SZ,20130531,3.6589,148792.6,37414.0
300349.SZ,20130531,5.7008,367200.0,91800.0
300350.SZ,20130531,3.6951,143785.53,35950.53
300351.SZ,20130531,2.6336,222037.14,56498.0
300352.SZ,20130531,5.4874,317758.8,79558.8
300353.SZ,20130531,4.238,164391.3216,41164.8
300354.SZ,20130531,3.3681,104908.5625,26233.395
300355.SZ,20130531,7.971,636532.119,159670.92
300356.SZ,20130531,2.8097,180186.93,45051.93
600000.SH,20130531,1.0452,19530184.5715,15624147.6572
600004.SH,20130531,1.0885,810750.0,810750.0
600005.SH,20130531,0.746,2674851.6531,2674851.6531
600006.SH,20130531,1.129,668000.0,668000.0
600007.SH,20130531,2.3516,1129163.7206,1129163.7206
600008.SH,20130531,3.4079,1841400.0,1841400.0
600009.SH,20130531,1.6215,2628371.3231,1491501.8055
600010.SH,20130531,2.011,3849246.284,3089772.6
600011.SH,20130531,1.5553,9009500.785,6410000.0
600012.SH,20130531,0.9941,673395.66,473233.6
600015.SH,20130531,0.9403,7322356.8545,5334874.7698
600016.SH,20130531,1.6675,29670402.1474,23626632.0968
600017.SH,20130531,0.9566,845804.8192,723423.7065
600018.SH,20130531,1.3292,6485226.2003,5982378.0376
600019.SH,20130531,0.7309,7889956.2386,7889956.2386
600020.SH,20130531,0.8031,548358.727,548358.727
600021.SH,20130531,1.3908,999258.233,999258.233
600022.SH,20130531,0.9913,1274386.5678,1057945.3141
600026.SH,20130531,0.6369,1467362.2262,908786.2262
600027.SH,20130531,1.4377,2889465.0064,2093302.0304
600028.SH,20130531,1.1,60434602.2997,47206865.6717
600029.SH,20130531,1.0417,3416513.316,2400765.0
600030.SH,20130531,1.6388,14310964.0116,12749245.5483
600031.SH,20130531,2.8553,7037649.7302,7016584.4706
600033.SH,20130531,0.8317,614745.6,300103.446
600035.SH,20130531,0.9785,333531.5932,333531.5932
600036.SH,20130531,1.3667,29301034.8658,23990605.7418
600037.SH,20130531,1.4581,809060.7382,809060.7382
600038.SH,20130531,5.7212,922989.6,922989.6
600039.SH,20130531,1.9167,730457.0,381945.6
600048.SH,20130531,2.0582,8901079.0056,8901079.0056
600050.SH,20130531,1.093,7969920.2445,7969920.2445
600051.SH,20130531,1.2678,232848.0,232848.0
600052.SH,20130531,1.7434,320818.3859,320818.3859
600053.SH,20130531,4.3533,345965.5584,345965.5584
600054.SH,20130531,3.1405,596257.75,148789.3
600055.SH,20130531,4.4651,283549.5,283549.5
600056.SH,20130531,3.1882,637152.7781,637152.7781
600057.SH,20130531,2.7177,423901.12,211911.12
600058.SH,20130531,1.9574,1637879.5664,1637879.5664
600059.SH,20130531,3.1798,787856.7465,787856.7465
600060.SH,20130531,1.8939,1665972.6581,1665972.6581
600061.SH,20130531,4.3023,254446.1834,254446.1834
600062.SH,20130531,2.7211,1310327.1128,1310327.1128
600063.SH,20130531,1.6028,374463.32,374463.32
600064.SH,20130531,1.1732,590038.125,590038.125
600066.SH,20130531,3.2368,2297823.7102,2194786.2022
600067.SH,20130531,2.351,1001460.2542,1001460.2542
600068.SH,20130531,1.3579,1754191.8654,1754191.8654
600069.SH,20130531,2.431,435797.548,435797.548
600070.SH,20130531,2.7478,162944.7328,162944.7328
600071.SH,20130531,2.8718,174067.3102,174067.3102
600072.SH,20130531,5.1799,671715.1387,671715.1387
600073.SH,20130531,3.302,631262.2352,595250.2694
600074.SH,20130531,,273753.6912,273753.6912
600075.SH,20130531,2.1104,353505.152,353505.152
600076.SH,20130531,21.5646,175457.28,175457.28
600077.SH,20130531,3.0713,669216.0234,295132.6745
600078.SH,20130531,2.9017,514156.5401,514156.5401
600079.SH,20130531,4.5002,1380655.2935,1264063.5653
600080.SH,20130531,2.4082,232024.8627,232024.8627
600081.SH,20130531,3.1016,229839.48,229839.48
600082.SH,20130531,1.8077,302382.2066,294614.6683
600083.SH,20130531,74.8153,159390.0,156604.7124
600084.SH,20130531,4.494,409009.2465,409009.2465
600085.SH,20130531,7.3666,3070270.9088,3070270.9088
600086.SH,20130531,9.1851,771849.1434,771849.1434
600088.SH,20130531,4.4692,473602.038,473602.038
600089.SH,20130531,1.6515,2248132.5435,2248132.5435
600090.SH,20130531,5.5291,265635.8184,265635.8184
600091.SH,20130531,3.0384,165570.792,165570.792
600093.SH,20130531,5.5235,208945.98,208945.98
600094.SH,20130531,3.7732,923561.2916,121819.969
600095.SH,20130531,2.9819,197249.9065,197249.9065
600096.SH,20130531,1.0048,1882258.0996,782419.7273
600097.SH,20130531,3.1527,256083.7469,145928.6597
600098.SH,20130531,1.4101,1837288.61,1379664.0
600099.SH,20130531,2.7072,129280.8,129280.8
600100.SH,20130531,1.7592,1619976.403,1619976.403
600101.SH,20130531,2.0769,333904.3463,333904.3463
600103.SH,20130531,2.1127,289882.7568,289882.7568
600104.SH,20130531,1.3483,17232960.6411,14333215.8446
600105.SH,20130531,1.5672,222858.4679,222858.4679
600106.SH,20130531,1.5793,322248.41,322248.41
600107.SH,20130531,5.2787,275400.0,275400.0
600108.SH,20130531,3.3769,1475761.6617,1475761.6617
600109.SH,20130531,3.1629,2027810.357,1567379.4083
600110.SH,20130531,3.5773,707441.9397,707441.9397
600111.SH,20130531,10.3471,6706639.836,4096652.0257
600112.SH,20130531,4.7286,563689.7645,563689.7645
600113.SH,20130531,5.5733,313183.8,313183.8
600114.SH,20130531,3.0103,201390.0,105524.44
600115.SH,20130531,1.4298,3664473.5812,2381357.4412
600116.SH,20130531,2.9026,292948.854,271048.854
600117.SH,20130531,1.1612,341702.0752,341702.0752
600118.SH,20130531,7.0892,1659043.7809,1659043.7809
600119.SH,20130531,2.7275,203498.8,203498.8
600120.SH,20130531,1.7733,715750.4109,715750.4109
600121.SH,20130531,1.8572,631074.8551,419636.38
600122.SH,20130531,0.811,455381.4192,455381.4192
600123.SH,20130531,1.9032,1904380.8,1904380.8
600125.SH,20130531,2.2649,947808.8805,947808.8805
600126.SH,20130531,0.9474,313763.0925,313763.0925
600127.SH,20130531,5.4999,273863.1874,273863.1874
600128.SH,20130531,1.7175,234675.8925,234675.8925
600129.SH,20130531,4.2707,386339.07,386339.07
600130.SH,20130531,3.3772,258816.0,258816.0
600131.SH,20130531,3.3753,290880.2144,229280.7198
600132.SH,20130531,5.7737,880827.5804,880827.5804
600133.SH,20130531,2.6117,428758.262,288392.9068
600135.SH,20130531,3.6151,349524.0,349524.0
600136.SH,20130531,8.3939,113008.408,112846.108
600137.SH,20130531,2.3187,105286.6478,105286.6478
600138.SH,20130531,2.2251,650438.1,650438.1
600139.SH,20130531,3.8396,521569.7203,496215.2766
600141.SH,20130531,2.1045,727972.1251,611082.6051
600143.SH,20130531,1.9075,1535855.2,1535855.2
600145.SH,20130531,9.5841,188087.13,188087.13
600146.SH,20130531,10.7257,242400.0,242400.0
600148.SH,20130531,3.6,111797.9955,111797.9955
600149.SH,20130531,9.9416,314772.48,273331.08
600150.SH,20130531,1.5119,2659766.9641,2659766.9641
600151.SH,20130531,2.5691,945136.0021,723850.8959
600152.SH,20130531,2.0954,157019.397,157019.397
600153.SH,20130531,1.5858,1653697.7976,1653697.7976
600155.SH,20130531,,143550.0,143550.0
600156.SH,20130531,2.9674,171299.1591,171299.1591
600157.SH,20130531,1.8747,1569592.8626,1273345.4208
600158.SH,20130531,4.0555,540834.3741,421454.5463
600159.SH,20130531,1.3996,247340.9631,247340.9631
600160.SH,20130531,2.0023,1136368.5568,1124370.6368
600161.SH,20130531,5.5227,911345.4226,863226.0
600162.SH,20130531,4.223,611178.8447,287911.0349
600163.SH,20130531,2.6746,353495.7804,353495.7804
600165.SH,20130531,1.9899,197246.5272,139646.5272
600166.SH,20130531,1.2909,1927434.7176,940989.8358
600167.SH,20130531,3.072,261218.0,261218.0
600168.SH,20130531,2.1169,358213.8,358213.8
600169.SH,20130531,1.3918,746578.14,746578.14
600170.SH,20130531,1.5147,1836302.0414,559700.1598
600171.SH,20130531,2.1252,367899.0441,367899.0441
600172.SH,20130531,2.0704,429356.5211,399826.1442
600173.SH,20130531,1.7587,250175.8737,250144.8237
600175.SH,20130531,1.8284,388027.4119,382586.9119
600176.SH,20130531,2.0037,734754.039,539796.096
600177.SH,20130531,1.289,1678865.218,1616278.1964
600178.SH,20130531,1.2931,288337.92,288337.92
600179.SH,20130531,7.7082,234390.0,234390.0
600180.SH,20130531,6.0509,812912.6683,233922.7546
600182.SH,20130531,5.181,434860.0,217430.0
600183.SH,20130531,1.761,731431.4011,719860.8391
600184.SH,20130531,5.7253,579983.744,271321.5
600185.SH,20130531,1.5856,429730.2336,429730.2336
600186.SH,20130531,3.7937,324979.4392,287059.8323
600187.SH,20130531,4.3337,510106.65,510106.65
600188.SH,20130531,1.5699,7116924.8,520888.4554
600189.SH,20130531,1.5294,197167.5,197167.5
600190.SH,20130531,1.5335,624714.948,535592.16
600191.SH,20130531,1.8562,313266.072,313266.072
600192.SH,20130531,1.9657,238198.356,238198.356
600193.SH,20130531,6.7254,365820.78,365820.78
600195.SH,20130531,2.6457,545220.0,545220.0
600196.SH,20130531,2.001,2789375.6432,2370968.4932
600197.SH,20130531,3.9023,537138.0,537138.0
600198.SH,20130531,4.0564,828487.0686,488500.5846
600199.SH,20130531,3.6668,896465.0782,896465.0782
600200.SH,20130531,11.6108,1062784.8,889640.0616
600201.SH,20130531,5.8114,683222.7247,683222.7247
600202.SH,20130531,2.6125,241887.964,241887.964
600203.SH,20130531,3.9643,168861.9582,168861.9582
600206.SH,20130531,2.4248,293409.0023,229680.0
600207.SH,20130531,2.8759,282210.0,179960.0
600208.SH,20130531,1.7025,2153047.0856,2152496.6123
600209.SH,20130531,7.6196,518911.2018,443601.7183
600210.SH,20130531,1.3157,482743.3491,482743.3491
600211.SH,20130531,6.8468,249393.957,174225.6327
600212.SH,20130531,1.5974,160161.2277,160161.2277
600213.SH,20130531,8.2898,149160.0,149160.0
600215.SH,20130531,0.909,215775.2563,215775.2563
600216.SH,20130531,1.7831,1144132.0,990126.775
600217.SH,20130531,45.8772,381942.4,381942.4
600218.SH,20130531,3.0305,315991.0,315991.0
600219.SH,20130531,0.7263,1206920.6099,1206920.6099
600220.SH,20130531,2.9859,458318.4638,458318.4638
600221.SH,20130531,1.2799,3076000.902,1989918.2075
600222.SH,20130531,3.8353,241665.4542,241665.4542
600223.SH,20130531,3.1407,496480.128,496480.128
600225.SH,20130531,2.6961,291276.7938,263666.6841
600226.SH,20130531,1.7866,242923.9996,242923.9996
600227.SH,20130531,0.9468,326935.0289,326935.0289
600228.SH,20130531,,833036.64,833036.64
600229.SH,20130531,2.2703,223223.4224,223223.4224
600230.SH,20130531,2.5467,391590.7462,391590.7462
600231.SH,20130531,0.8223,311952.8536,311952.8536
600232.SH,20130531,1.4644,175794.3382,175794.3382
600233.SH,20130531,2.1184,213345.0,213345.0
600234.SH,20130531,,97174.0224,97174.0224
600235.SH,20130531,1.6685,231858.0,173844.0
600236.SH,20130531,2.6404,907618.9066,449035.6331
600237.SH,20130531,2.3493,358374.6738,254000.0
600238.SH,20130531,4.6293,398898.0,393408.1062
600239.SH,20130531,1.6123,574753.5704,574753.5704
600240.SH,20130531,2.2729,697884.264,697884.264
600241.SH,20130531,2.2628,116589.4,116589.4
600242.SH,20130531,4.8007,153341.133,70814.0404
600243.SH,20130531,2.385,170532.0,170532.0
600246.SH,20130531,1.2679,450216.0,450216.0
600247.SH,20130531,3.319,172930.9824,172930.9824
600248.SH,20130531,3.364,375722.4744,256903.8444
600249.SH,20130531,1.2829,238950.0,238950.0
600250.SH,20130531,6.2245,154698.0911,154698.0911
600251.SH,20130531,4.8618,609776.4,609776.4
600252.SH,20130531,5.1369,1711860.1239,1711860.1239
600253.SH,20130531,3.073,269640.0,269253.0204
600255.SH,20130531,2.2306,263407.0,263407.0
600256.SH,20130531,8.5112,7355656.8203,4311586.5307
600257.SH,20130531,4.9588,311319.45,311319.45
600258.SH,20130531,3.1568,324885.6,324885.6
600259.SH,20130531,23.2044,1169935.4,1169935.4
600260.SH,20130531,2.5095,434775.36,434775.36
600261.SH,20130531,3.72,898367.6794,735110.0412
600262.SH,20130531,2.6886,291040.0,112992.0
600265.SH,20130531,38.715,100075.8,100075.8
600266.SH,20130531,1.4497,1113278.4,1113278.4
600267.SH,20130531,2.7681,1318343.2211,1318343.2211
600268.SH,20130531,1.8744,441496.2716,441496.2716
600269.SH,20130531,0.7057,787032.1637,787032.1637
600270.SH,20130531,1.5694,835759.6276,305368.9419
600271.SH,20130531,2.6578,1397104.2,1397104.2
600272.SH,20130531,7.0602,251748.0,165760.0
600273.SH,20130531,3.1886,189630.0,189630.0
600275.SH,20130531,13.953,343465.1357,343465.1357
600276.SH,20130531,6.9793,3875393.8356,3868348.7823
600277.SH,20130531,2.2168,1258830.6795,1258830.6795
600278.SH,20130531,1.5126,392725.7877,312832.0
600279.SH,20130531,1.0931,224070.4316,98733.4031
600280.SH,20130531,9.5357,848332.3867,848332.3867
600281.SH,20130531,3.1525,292180.3502,292180.3502
600282.SH,20130531,0.9569,844914.0356,367286.4
600283.SH,20130531,2.6849,250234.41,250234.41
600284.SH,20130531,1.7382,745711.04,536106.24
600285.SH,20130531,3.7199,332134.0116,291044.0
600287.SH,20130531,3.273,292653.3696,292653.3696
600288.SH,20130531,2.5296,354244.8,354244.8
600289.SH,20130531,2.4241,460057.9958,452200.8111
600290.SH,20130531,1.4281,269764.4329,263774.0329
600291.SH,20130531,1.4456,347904.0,347904.0
600292.SH,20130531,3.9258,1095407.441,496667.8984
600293.SH,20130531,3.2078,252520.4058,252520.4058
600295.SH,20130531,1.3894,854496.0,506736.0
600297.SH,20130531,2.8372,259000.0,259000.0
600298.SH,20130531,2.0416,554441.6581,496166.1156
600299.SH,20130531,1.7224,287489.158,287489.158
600300.SH,20130531,3.8715,968088.0,968088.0
600301.SH,20130531,,196348.6969,196348.6969
600302.SH,20130531,1.196,141864.0196,141864.0196
600303.SH,20130531,1.2005,276337.3841,276337.3841
600305.SH,20130531,7.3608,376491.15,376491.15
600306.SH,20130531,3.2217,144470.6625,140350.1215
600307.SH,20130531,1.0145,1947904.1589,1272412.1589
600308.SH,20130531,0.6244,389965.5139,389965.5139
600309.SH,20130531,5.0533,3807871.4419,3807871.4419
600310.SH,20130531,1.0256,312071.175,312071.175
600311.SH,20130531,4.9802,454604.8,454604.8
600312.SH,20130531,3.244,936078.3357,936078.3357
600313.SH,20130531,3.7492,375734.8547,311196.6
600315.SH,20130531,10.9723,2827298.089,2667440.989
600316.SH,20130531,3.2669,1511677.3913,1425947.4934
600317.SH,20130531,0.8277,783230.9434,398418.5002
600318.SH,20130531,3.4648,300080.0,300080.0
600319.SH,20130531,3.6858,135074.232,135074.232
600320.SH,20130531,1.0557,1505871.0423,949537.6647
600321.SH,20130531,1.378,288134.72,288134.72
600322.SH,20130531,0.8483,379255.1,379255.1
600323.SH,20130531,1.8999,439066.1038,369845.7515
600325.SH,20130531,0.946,618503.5343,618503.5343
600326.SH,20130531,4.0208,422438.4,422438.4
600327.SH,20130531,1.9191,244161.1285,244161.1285
600328.SH,20130531,2.1578,262156.1619,262156.1619
600329.SH,20130531,5.0663,1142231.9724,824155.0974
600330.SH,20130531,2.9402,339159.3984,339159.3984
600331.SH,20130531,7.8194,588240.0,588240.0
600332.SH,20130531,4.9497,4770934.316,3935974.016
600333.SH,20130531,2.677,500490.7186,436136.2186
600335.SH,20130531,2.4076,752086.1872,370610.5196
600336.SH,20130531,3.6915,318186.588,317253.588
600337.SH,20130531,1.7042,428324.6437,396974.1426
600338.SH,20130531,,174483.333,174483.333
600339.SH,20130531,2.2663,265373.0018,265373.0018
600340.SH,20130531,6.1942,2977361.2786,1177478.6467
600343.SH,20130531,2.2249,469400.769,352573.949
600345.SH,20130531,3.0071,359964.0,359964.0
600346.SH,20130531,2.8646,161952.0,141120.0
600348.SH,20130531,2.0564,2854735.0,2854735.0
600350.SH,20130531,0.8688,1568440.0694,1096598.8
600351.SH,20130531,2.9006,473328.0,432939.168
600352.SH,20130531,2.0325,1546241.9743,1546241.9743
600353.SH,20130531,2.1424,201720.12,191618.7309
600354.SH,20130531,3.3209,321969.6955,314060.6955
600355.SH,20130531,2.8819,128681.3258,128681.3258
600356.SH,20130531,1.0704,153934.5219,153934.5219
600358.SH,20130531,3.6309,160272.0,160272.0
600359.SH,20130531,5.1561,198699.0,198699.0
600360.SH,20130531,1.8016,346897.6,318697.6
600361.SH,20130531,1.0155,309600.6819,225435.6819
600362.SH,20130531,1.6592,7271731.7505,4358019.5505
600363.SH,20130531,2.3186,356998.7838,298499.4338
600365.SH,20130531,9.7131,146300.0,146300.0
600366.SH,20130531,3.4638,984748.6935,984748.6935
600367.SH,20130531,2.7644,330803.2,330803.2
600368.SH,20130531,1.4242,406895.1476,406895.1476
600369.SH,20130531,2.1321,2248232.816,1589328.2898
600370.SH,20130531,1.2324,144779.5522,144779.5522
600371.SH,20130531,5.2583,230004.5,230004.5
600372.SH,20130531,7.1525,3492615.0331,1693136.0
600373.SH,20130531,1.9367,1040106.1738,296062.5
600375.SH,20130531,1.6812,437794.1042,202292.2688
600376.SH,20130531,1.1556,1475244.225,1475244.225
600377.SH,20130531,1.5932,3078063.7225,2302760.4793
600378.SH,20130531,5.2056,324535.0749,324535.0749
600379.SH,20130531,4.6193,173827.5376,173827.5376
600380.SH,20130531,2.0557,819293.0228,819293.0228
600381.SH,20130531,2.2249,402063.1929,297180.8901
600382.SH,20130531,1.6787,246741.0452,246741.0452
600383.SH,20130531,1.453,3465419.1433,3465419.1433
600386.SH,20130531,2.0775,295142.4,295142.4
600387.SH,20130531,5.5029,596524.5,595921.95
600388.SH,20130531,4.6649,1215937.47,1205854.419
600389.SH,20130531,7.3007,700326.0,700326.0
600390.SH,20130531,4.2889,401009.9135,328582.65
600391.SH,20130531,2.8564,459209.9495,459209.9495
600392.SH,20130531,7.4388,684323.839,284698.8
600393.SH,20130531,2.3096,213600.0,206127.56
600395.SH,20130531,2.713,2128396.6932,2128396.6932
600396.SH,20130531,2.0285,247616.2,247616.2
600397.SH,20130531,1.535,564277.1327,367839.8146
600398.SH,20130531,1.137,237303.6966,237303.6966
600399.SH,20130531,1.7056,290680.0,252583.6581
600400.SH,20130531,1.681,229203.4528,229203.4528
600401.SH,20130531,3.0445,715128.4331,213019.0922
600403.SH,20130531,2.5883,2753020.4809,293556.501
600405.SH,20130531,5.7074,276953.4948,273023.4528
600406.SH,20130531,9.3061,3708817.1276,3708817.1276
600408.SH,20130531,1.4532,355400.4,355400.4
600409.SH,20130531,1.6086,853027.7095,769740.459
600410.SH,20130531,2.1002,504361.1445,495932.5959
600415.SH,20130531,2.0497,1733663.7151,1733663.7151
600416.SH,20130531,1.7626,363873.7561,363873.7561
600418.SH,20130531,1.8244,1130222.0289,940905.5824
600419.SH,20130531,16.037,149578.56,149578.56
600420.SH,20130531,5.9619,559929.2003,559929.2003
600421.SH,20130531,,124988.4,124988.4
600422.SH,20130531,9.2837,823141.12,822474.0549
600423.SH,20130531,1.4334,213650.9195,213650.9195
600425.SH,20130531,1.2916,677675.3273,470557.2273
600426.SH,20130531,1.2928,726662.25,726662.25
600428.SH,20130531,0.8853,598418.0231,598418.0231
600429.SH,20130531,2.8546,511530.0,511530.0
600432.SH,20130531,2.7919,890611.4531,890611.4531
600433.SH,20130531,13.8594,2138933.16,1987985.16
600435.SH,20130531,4.9239,1062629.82,1062629.82
600436.SH,20130531,10.3591,1676920.0,1676920.0
600438.SH,20130531,3.1096,420762.24,420762.24
600439.SH,20130531,1.7591,388648.3344,388648.3344
600444.SH,20130531,,129465.0,129465.0
600446.SH,20130531,4.8719,286016.0,285974.58
600448.SH,20130531,3.0682,125041.8,125041.8
600449.SH,20130531,1.0732,398439.5887,208889.5341
600452.SH,20130531,3.6794,136320.0,136320.0
600455.SH,20130531,6.4954,75761.554,60307.6526
600456.SH,20130531,1.9948,719834.5161,719834.5161
600458.SH,20130531,3.6219,647194.1414,647194.1414
600459.SH,20130531,2.5198,408530.5418,397917.6098
600460.SH,20130531,3.3207,565172.16,565172.16
600461.SH,20130531,1.5945,264990.0,264990.0
600462.SH,20130531,9.0907,278633.16,163700.7269
600463.SH,20130531,2.5613,194292.0,194292.0
600466.SH,20130531,4.4896,254184.39,254184.39
600467.SH,20130531,1.6859,477014.6403,470170.9717
600468.SH,20130531,10.5944,609472.512,609472.512
600469.SH,20130531,1.5911,366318.4786,366318.4786
600470.SH,20130531,1.8785,435536.0,435536.0
600475.SH,20130531,2.3973,312832.0,312832.0
600476.SH,20130531,4.6444,131433.12,131433.12
600477.SH,20130531,2.8631,213654.238,213654.238
600478.SH,20130531,8.7471,841523.1219,841523.1219
600479.SH,20130531,3.9924,393826.4064,393826.4064
600480.SH,20130531,1.4119,260072.9685,256492.3485
600481.SH,20130531,3.3181,733953.694,733953.694
600482.SH,20130531,3.4576,435645.0,435645.0
600483.SH,20130531,2.1068,156935.1393,156935.1393
600485.SH,20130531,2.7393,121401.336,121401.336
600486.SH,20130531,3.2603,654231.0242,654231.0242
600487.SH,20130531,1.8846,463036.4812,371444.32
600488.SH,20130531,2.1091,482349.1899,408796.1499
600489.SH,20130531,3.4728,3623114.6491,3623114.6491
600490.SH,20130531,7.4541,1088660.0,619410.0
600491.SH,20130531,1.504,449162.4,449162.4
600493.SH,20130531,1.9749,120768.0,120768.0
600495.SH,20130531,2.5326,401372.064,401372.064
600496.SH,20130531,2.2975,486849.78,486849.78
600497.SH,20130531,2.6758,1972724.5329,1972724.5329
600498.SH,20130531,3.0072,1569603.5889,1441070.5889
600499.SH,20130531,4.3051,1110636.5829,1067941.3789
600500.SH,20130531,1.2707,858240.9739,858240.9739
600501.SH,20130531,3.2034,372933.6888,372933.6888
600502.SH,20130531,2.9962,416601.9,277734.6
600503.SH,20130531,3.6875,729008.64,703665.1008
600505.SH,20130531,3.7407,309882.375,309882.375
600506.SH,20130531,4.5233,129686.6345,129686.6345
600507.SH,20130531,2.8004,613850.3889,613850.3889
600508.SH,20130531,1.1952,974223.864,974223.864
600509.SH,20130531,2.208,945547.2358,684547.2358
600510.SH,20130531,1.1199,478904.6654,478904.6654
600511.SH,20130531,4.549,857052.0,496981.7325
600512.SH,20130531,2.0646,229188.544,229188.544
600513.SH,20130531,5.2373,181911.6,181911.6
600515.SH,20130531,4.25,384301.6896,268664.0091
600516.SH,20130531,4.2631,1537963.265,1537963.265
600517.SH,20130531,6.1256,1158788.5319,1036949.58
600518.SH,20130531,3.6668,4085211.5094,4085211.5094
600519.SH,20130531,5.4216,20462527.8,20462527.8
600520.SH,20130531,4.7237,103883.76,103883.76
600521.SH,20130531,5.4658,1471096.4317,1466675.1166
600522.SH,20130531,1.625,745365.4679,745365.4679
600523.SH,20130531,2.3041,382651.785,259730.1782
600525.SH,20130531,2.6815,591504.4267,591504.4267
600526.SH,20130531,2.6981,346873.2561,238700.0
600527.SH,20130531,2.7052,453982.5947,453982.5947
600528.SH,20130531,1.674,965990.4,965990.4
600529.SH,20130531,1.3193,260468.6723,260468.6723
600530.SH,20130531,1.9157,273312.0,273312.0
600531.SH,20130531,2.1629,398293.2968,398293.2968
600532.SH,20130531,4.4277,406932.7288,156206.7
600533.SH,20130531,1.0725,392700.0,392700.0
600535.SH,20130531,10.6066,4379252.853,4379252.853
600536.SH,20130531,2.4195,299044.3897,299044.3897
600537.SH,20130531,4.05,459148.3794,217382.13
600538.SH,20130531,51.5777,133744.464,133744.464
600539.SH,20130531,2.253,133860.0,93373.6868
600540.SH,20130531,2.6228,187679.2539,187679.2539
600543.SH,20130531,2.5826,300247.2,300247.2
600545.SH,20130531,2.1706,412229.3246,412229.3246
600546.SH,20130531,1.8271,1522526.3155,1522526.3155
600547.SH,20130531,5.5862,4572331.6469,4572331.6469
600548.SH,20130531,0.7498,706569.5856,464379.5856
600549.SH,20130531,5.9768,2267583.5,2267583.5
600550.SH,20130531,1.8794,977569.5251,977569.5251
600551.SH,20130531,1.6252,522517.5308,522517.5308
600552.SH,20130531,3.4047,505943.1676,371007.0
600555.SH,20130531,2.1561,345427.5,257977.5
600556.SH,20130531,,172919.6441,113633.2781
600557.SH,20130531,7.9087,1297233.3226,958481.2966
600558.SH,20130531,1.3831,150054.6573,149314.6037
600559.SH,20130531,6.8633,443380.0,443380.0
600560.SH,20130531,2.8931,191440.548,191440.548
600561.SH,20130531,2.015,269067.64,210796.74
600562.SH,20130531,12.2387,395303.7711,310969.9889
600563.SH,20130531,3.4185,473175.0,473175.0
600565.SH,20130531,2.1125,264240.0,264240.0
600566.SH,20130531,2.2993,112633.326,112633.326
600567.SH,20130531,1.3988,410778.4002,388115.9364
600568.SH,20130531,3.8129,376480.8626,193291.2626
600569.SH,20130531,0.6933,469162.1598,469162.1598
600570.SH,20130531,6.1834,829588.032,829588.032
600571.SH,20130531,4.845,266939.2795,260418.154
600572.SH,20130531,4.9097,1075958.4,931570.7047
600573.SH,20130531,1.5096,155000.0,155000.0
600575.SH,20130531,1.8268,842612.4118,492427.2
600576.SH,20130531,3.6039,176219.2167,176219.2167
600577.SH,20130531,2.1933,336769.4846,336769.4846
600578.SH,20130531,1.6066,1879249.6283,624652.8853
600579.SH,20130531,,198601.2,198601.2
600580.SH,20130531,1.5118,388566.7471,388566.7471
600581.SH,20130531,1.0841,398553.4462,398553.4462
600582.SH,20130531,2.1048,1110736.8,1110736.8
600583.SH,20130531,2.9981,3119330.88,3119330.88
600584.SH,20130531,2.1856,529795.9718,529795.9718
600585.SH,20130531,1.8052,8955821.3585,6759497.3585
600586.SH,20130531,1.4012,570505.6674,387810.8694
600587.SH,20130531,4.8702,746165.794,746165.794
600588.SH,20130531,4.0715,1050374.6306,1050374.6306
600589.SH,20130531,1.6331,327942.85,327942.85
600590.SH,20130531,1.576,343723.7641,312808.7641
600592.SH,20130531,1.6851,330430.8032,248100.0
600593.SH,20130531,4.2392,117668.0,117668.0
600594.SH,20130531,6.6713,1056323.347,1042460.9758
600595.SH,20130531,1.2966,674118.8312,674118.8312
600596.SH,20130531,2.2787,947462.563,947462.563
600597.SH,20130531,4.5558,1753623.8477,1495774.1085
600598.SH,20130531,2.7457,1484362.724,1484362.724
600599.SH,20130531,4.4508,115542.0,115542.0
600600.SH,20130531,4.0571,5256674.0553,2707799.8837
600601.SH,20130531,1.3752,592620.6251,592620.6251
600602.SH,20130531,2.1228,510230.2407,382614.0884
600603.SH,20130531,,109388.759,109388.759
600604.SH,20130531,4.9772,572113.6819,336859.4319
600605.SH,20130531,2.6992,128484.4842,128484.4842
600606.SH,20130531,1.4604,321358.4552,321358.4552
600608.SH,20130531,,208169.2922,195938.8719
600609.SH,20130531,11.1015,413028.1759,413028.1759
600610.SH,20130531,51.674,658833.8821,47490.3
600611.SH,20130531,1.5654,857388.5585,566962.7345
600612.SH,20130531,3.5465,1053559.1767,455255.2543
600613.SH,20130531,12.3273,258685.8415,178885.3116
600614.SH,20130531,7.8536,701309.6087,552194.7989
600615.SH,20130531,3.7289,184636.1389,183447.4279
600616.SH,20130531,2.872,380328.1836,380328.1836
600617.SH,20130531,,150976.9044,89386.8322
600618.SH,20130531,3.2442,918181.5809,595372.9409
600619.SH,20130531,2.015,482778.9951,230329.3686
600620.SH,20130531,3.7962,327773.8753,327773.8753
600621.SH,20130531,1.7493,248415.0344,248415.0344
600622.SH,20130531,1.3933,351783.8006,351783.8006
600623.SH,20130531,3.8055,978414.4942,711004.4942
600624.SH,20130531,5.399,314781.3919,314781.3919
600626.SH,20130531,1.2885,268471.7844,268471.7844
600628.SH,20130531,1.5427,352051.1167,352051.1167
600629.SH,20130531,3.6996,282227.8483,252307.3626
600630.SH,20130531,1.7784,271911.4221,271911.4221
600633.SH,20130531,3.3743,1075400.269,275211.9697
600634.SH,20130531,5.5498,90608.367,90608.367
600635.SH,20130531,2.0132,779668.2771,779668.2771
600636.SH,20130531,3.0718,508758.1606,508758.1606
600637.SH,20130531,8.1405,2630644.6092,1973488.0078
600638.SH,20130531,1.6846,551063.0362,551063.0362
600639.SH,20130531,1.8878,829440.7607,586387.4231
600640.SH,20130531,2.2152,532687.7213,205374.2227
600641.SH,20130531,1.266,317626.5467,317626.5467
600642.SH,20130531,1.071,2030209.0889,2030209.0889
600643.SH,20130531,2.0992,906503.5942,670697.1265
600644.SH,20130531,3.6207,270978.5087,270978.5087
600645.SH,20130531,88.1765,1224754.601,1223874.2983
600647.SH,20130531,6.75,130687.9035,130687.9035
600648.SH,20130531,3.2217,1608152.4803,1289065.4978
600649.SH,20130531,1.5978,2213754.9268,2213754.9268
600650.SH,20130531,1.8334,396607.6669,280812.6939
600651.SH,20130531,4.0641,470784.6031,470784.6031
600652.SH,20130531,2.3174,238397.0974,238397.0974
600653.SH,20130531,2.3342,440087.8399,440087.8399
600654.SH,20130531,2.5318,352605.1529,352605.1529
600655.SH,20130531,1.8576,1115361.8534,1115361.8534
600656.SH,20130531,20.4276,140092.947,140081.656
600657.SH,20130531,0.942,611228.4372,611228.4372
600658.SH,20130531,2.645,652029.4798,652029.4798
600660.SH,20130531,2.4506,1804690.6851,1804690.6851
600661.SH,20130531,3.3008,117405.5337,117405.5337
600662.SH,20130531,1.4533,432931.8605,225656.7626
600663.SH,20130531,1.9198,2203867.12,1602539.12
600664.SH,20130531,1.7865,1463039.7495,803736.1801
600665.SH,20130531,1.4817,336143.6607,336143.6607
600666.SH,20130531,4.8022,217899.8698,217899.8698
600667.SH,20130531,2.6701,419328.5437,419328.5437
600668.SH,20130531,2.5965,400857.6596,400438.5951
600671.SH,20130531,20.2667,166106.3991,166026.807
600673.SH,20130531,2.4526,618945.1574,615313.9765
600674.SH,20130531,2.5542,2227144.3465,2227144.3465
600675.SH,20130531,1.6265,942864.9962,942864.9962
600676.SH,20130531,1.2771,388068.2658,351963.4703
600677.SH,20130531,2.7926,297143.0163,297143.0163
600678.SH,20130531,48.839,256507.65,256507.65
600679.SH,20130531,5.3048,308709.9649,158903.1649
600680.SH,20130531,2.679,361202.9435,243266.9435
600681.SH,20130531,77.9681,117942.971,96592.6718
600682.SH,20130531,2.343,308514.9708,307700.0343
600683.SH,20130531,2.2891,441503.4478,441503.4478
600684.SH,20130531,2.8141,437793.7411,437793.7411
600685.SH,20130531,1.7206,719607.4756,490640.605
600686.SH,20130531,2.2825,482430.8357,482430.8357
600687.SH,20130531,11.9534,438203.3163,176755.7683
600688.SH,20130531,2.8277,4629600.0,462960.0
600689.SH,20130531,4.3911,142100.8795,107608.3291
600690.SH,20130531,2.8933,3418413.2967,3418413.2967
600691.SH,20130531,3.4808,1605834.4859,312771.9416
600692.SH,20130531,6.1891,298295.9263,216248.9184
600693.SH,20130531,2.2121,231332.0284,201534.0388
600694.SH,20130531,2.1628,1045932.1233,1045932.1233
600695.SH,20130531,8.3835,307389.2,142045.8975
600696.SH,20130531,4.3397,229200.6152,229200.6152
600697.SH,20130531,2.8731,338380.3355,330016.8439
600699.SH,20130531,4.2293,887422.0197,259084.5741
600701.SH,20130531,2.8509,258369.0428,258369.0428
600702.SH,20130531,2.5299,606128.1,606128.1
600703.SH,20130531,4.424,2743626.1744,2426884.5635
600704.SH,20130531,1.3331,543874.825,543874.825
600705.SH,20130531,5.3004,2904873.2694,1141279.3393
600706.SH,20130531,2.8979,194947.5071,92328.9409
600707.SH,20130531,2.4911,480366.0126,391398.4388
600708.SH,20130531,2.1434,296525.1164,295370.3458
600710.SH,20130531,1.4028,286847.232,286847.232
600711.SH,20130531,2.0149,467103.8897,181967.8752
600712.SH,20130531,2.3278,251630.7763,248162.5918
600713.SH,20130531,3.4648,344709.598,344709.598
600714.SH,20130531,6.1499,274224.7546,274224.7546
600715.SH,20130531,33.6743,157876.224,157876.224
600716.SH,20130531,2.1095,380668.7264,380668.7264
600717.SH,20130531,0.8392,1021609.1632,1021609.1632
600718.SH,20130531,2.1542,1110972.7917,1110972.7917
600719.SH,20130531,2.0463,153343.2484,153343.2484
600720.SH,20130531,1.8313,665221.0573,665111.7182
600721.SH,20130531,2.5967,243042.1673,108442.4795
600722.SH,20130531,3.3202,360569.4283,223352.6
600723.SH,20130531,1.7529,487879.9975,235545.976
600724.SH,20130531,2.1889,807889.7587,807722.9492
600725.SH,20130531,1.9848,242796.59,242796.59
600726.SH,20130531,1.7649,534935.6416,195997.905
600727.SH,20130531,1.5776,160049.8928,160022.5328
600728.SH,20130531,7.7341,564880.1263,415490.764
600729.SH,20130531,2.584,864830.5429,315632.0625
600730.SH,20130531,3.4753,268395.1209,268395.1209
600731.SH,20130531,4.8887,186852.9774,186287.4068
600732.SH,20130531,4.4042,233458.3508,233458.3508
600733.SH,20130531,16.1022,411571.638,157474.8
600734.SH,20130531,12.5625,178943.2225,151555.7161
600735.SH,20130531,4.135,230894.3924,192486.6643
600736.SH,20130531,1.4147,452773.3248,452773.3248
600737.SH,20130531,1.9306,1315252.6154,516392.3089
600738.SH,20130531,2.5389,243821.5014,173191.0008
600739.SH,20130531,1.9577,2075723.6301,2075723.6301
600740.SH,20130531,2.0876,582697.7,347649.7288
600741.SH,20130531,1.2255,2495371.3691,2495371.3691
600742.SH,20130531,1.3028,385818.6816,385818.6816
600743.SH,20130531,1.9768,572563.2169,308790.7443
600744.SH,20130531,2.1554,282524.256,188330.6556
600745.SH,20130531,5.5392,448176.2326,448176.2326
600746.SH,20130531,4.206,168838.2201,167868.1642
600747.SH,20130531,6.9754,468304.4956,468304.4956
600748.SH,20130531,1.6284,789777.3664,789777.3664
600749.SH,20130531,2.6464,169089.3103,169089.3103
600750.SH,20130531,3.4886,694486.8,694486.8
600751.SH,20130531,22.8485,366530.7221,77144.8392
600753.SH,20130531,12.2092,123392.0,123392.0
600754.SH,20130531,1.9301,821010.6471,608694.6471
600755.SH,20130531,1.1968,582906.1189,582906.1189
600756.SH,20130531,4.3743,314705.6791,314705.6791
600757.SH,20130531,2.2988,700747.3186,235994.5622
600758.SH,20130531,5.2839,172583.5426,95606.7661
600759.SH,20130531,2.3231,542952.3075,541130.0325
600760.SH,20130531,2.8645,208343.9956,164891.9837
600761.SH,20130531,1.5633,488313.7237,488313.7237
600763.SH,20130531,10.8114,476791.68,476791.68
600764.SH,20130531,4.2431,262132.9523,262132.9523
600765.SH,20130531,4.1127,1338943.5072,1338943.5072
600766.SH,20130531,83.0515,278489.7129,277708.7433
600767.SH,20130531,4.9538,192670.7528,192614.2528
600768.SH,20130531,6.8316,89878.1184,89878.1184
600769.SH,20130531,,165364.9452,165364.9452
600770.SH,20130531,2.7645,852751.2,835381.2
600771.SH,20130531,227.9232,498100.6388,387680.0334
600773.SH,20130531,5.2434,623488.5128,584429.0218
600774.SH,20130531,3.7048,196222.7339,194330.0325
600775.SH,20130531,3.1994,546282.51,344454.51
600776.SH,20130531,2.5254,679496.0346,517196.0346
600777.SH,20130531,3.0169,360869.232,360800.8459
600778.SH,20130531,1.9965,298720.2066,296705.0886
600779.SH,20130531,3.9016,738192.5497,446233.8266
600780.SH,20130531,2.5651,938985.5663,714938.661
600781.SH,20130531,9.7572,256976.8742,256976.8742
600782.SH,20130531,0.8952,663273.0289,663273.0289
600783.SH,20130531,3.6932,1086020.2099,1086020.2099
600784.SH,20130531,3.2682,301444.5438,301444.5438
600785.SH,20130531,1.8925,283973.4223,283973.4223
600787.SH,20130531,1.4994,820184.3173,740970.6537
600789.SH,20130531,1.9733,300092.9451,300092.9451
600790.SH,20130531,1.5973,497724.612,382403.6799
600791.SH,20130531,1.9715,247272.48,246963.278
600792.SH,20130531,1.681,419836.025,132410.025
600793.SH,20130531,43.09,110775.6,110775.6
600794.SH,20130531,4.737,408416.9773,368363.3279
600795.SH,20130531,1.3548,4583138.2053,3711947.9834
600796.SH,20130531,3.2961,172402.0264,172402.0264
600797.SH,20130531,2.4015,455747.2278,446189.6133
600798.SH,20130531,1.6873,321463.406,321463.406
600800.SH,20130531,56.9959,413830.4988,411395.8376
600801.SH,20130531,1.677,1301002.1998,773690.7418
600802.SH,20130531,2.6598,304735.1855,304735.1855
600803.SH,20130531,4.0023,332413.3416,201350.7086
600804.SH,20130531,4.4727,1726681.0953,1726681.0953
600805.SH,20130531,2.4118,1029582.3377,1027534.601
600806.SH,20130531,2.4318,318648.6618,234111.7746
600807.SH,20130531,4.5396,225769.2936,216444.9828
600808.SH,20130531,0.6474,1470830.1065,1139840.4765
600809.SH,20130531,5.7088,2459009.0754,2459009.0754
600810.SH,20130531,1.2377,277751.84,277751.84
600811.SH,20130531,1.3078,1018418.0835,1018418.0835
600812.SH,20130531,2.0153,821632.2246,613032.2246
600814.SH,20130531,2.6937,210750.0713,210750.0713
600815.SH,20130531,1.1009,516884.8241,506503.4679
600816.SH,20130531,9.4926,648468.763,648097.483
600817.SH,20130531,19.6311,232515.0685,162394.6806
600818.SH,20130531,11.0483,426239.9287,286847.4446
600819.SH,20130531,2.1017,443137.5497,329512.5485
600820.SH,20130531,1.0935,1189571.9481,671905.5539
600821.SH,20130531,3.1804,183574.2872,183574.2872
600822.SH,20130531,2.488,243522.7008,194508.6228
600823.SH,20130531,0.9382,1198689.6261,1198689.6261
600824.SH,20130531,2.2259,355734.1371,355734.1371
600825.SH,20130531,2.164,553790.5605,553790.5605
600826.SH,20130531,2.7639,563240.0236,563240.0236
600827.SH,20130531,1.1992,1514073.766,1090296.4329
600828.SH,20130531,2.9383,281797.1906,281011.8407
600829.SH,20130531,2.2129,480727.6469,480727.6469
600830.SH,20130531,1.9086,322114.8276,322114.8276
600831.SH,20130531,2.9136,468217.4242,468217.4242
600832.SH,20130531,2.4592,1902241.9198,1902241.9198
600833.SH,20130531,3.8514,188507.9632,188507.9632
600834.SH,20130531,2.5294,312685.1478,312685.1478
600835.SH,20130531,1.5832,822282.4036,648429.4572
600836.SH,20130531,5.659,244579.4325,244579.4325
600837.SH,20130531,1.9292,11607097.349,9799570.859
600838.SH,20130531,3.2655,224493.9094,224493.9094
600839.SH,20130531,0.7086,987876.2635,986539.5335
600841.SH,20130531,3.2471,1055078.3314,597500.2655
600843.SH,20130531,4.3419,307936.329,140590.9165
600844.SH,20130531,8.8478,824559.2345,619331.8057
600845.SH,20130531,3.8856,567627.2895,377151.2895
600846.SH,20130531,2.4487,348616.9259,348616.9259
600847.SH,20130531,30.8173,156041.6,156041.6
600848.SH,20130531,14.6331,267921.5032,196026.8727
600850.SH,20130531,7.3004,869354.6847,462127.113
600851.SH,20130531,3.2125,898050.1788,549225.3458
600853.SH,20130531,2.1042,161042.2974,161042.2974
600854.SH,20130531,1.3211,251937.3909,251937.3909
600855.SH,20130531,3.8949,302103.4742,212447.022
600856.SH,20130531,10.2693,120233.7633,120233.7633
600857.SH,20130531,3.5962,189101.6917,189101.6917
600858.SH,20130531,1.7625,475340.8623,473038.8985
600859.SH,20130531,1.4832,910727.5972,821919.271
600860.SH,20130531,7.3396,418624.0,319424.0
600861.SH,20130531,0.9578,204339.1921,204339.1921
600862.SH,20130531,1.7452,230292.1842,230292.1842
600863.SH,20130531,1.7125,1755229.6,797595.9992
600864.SH,20130531,1.7664,604294.2848,604294.2848
600865.SH,20130531,1.7204,192635.0418,192635.0418
600866.SH,20130531,1.709,244925.0919,242318.1983
600867.SH,20130531,7.3623,1385073.6222,1385073.6222
600868.SH,20130531,2.2483,485926.0618,485926.0618
600869.SH,20130531,2.7921,768273.6536,291138.128
600870.SH,20130531,24.918,218697.46,155002.2229
600871.SH,20130531,3.2135,2656000.0,132800.0
600872.SH,20130531,3.1125,618987.0997,618987.0997
600873.SH,20130531,1.9773,1597628.4739,826279.9228
600874.SH,20130531,3.575,1340167.4958,1020907.4958
600875.SH,20130531,1.6116,2603014.14,2161354.14
600876.SH,20130531,26.3771,281510.2702,140760.2702
600877.SH,20130531,8.4939,309964.2,309964.2
600879.SH,20130531,2.4391,830505.7628,830505.7628
600880.SH,20130531,4.5291,996604.3822,657131.015
600881.SH,20130531,1.1508,926523.9764,926523.9764
600882.SH,20130531,3.0708,421994.6136,225908.8281
600883.SH,20130531,2.3304,161720.28,161720.28
600884.SH,20130531,1.7807,576434.1205,576434.1205
600885.SH,20130531,5.7956,665865.0141,214780.0495
600886.SH,20130531,1.8184,2433942.9125,2433942.9125
600887.SH,20130531,4.2491,5227177.252,4435464.3996
600888.SH,20130531,1.2486,465957.4667,455927.9049
600889.SH,20130531,1.9196,178714.3233,178714.3233
600890.SH,20130531,16.2668,506795.5594,506795.5594
600891.SH,20130531,2.826,231125.551,188892.8283
600892.SH,20130531,317.793,89700.625,71627.0894
600893.SH,20130531,3.6319,1550462.7148,1545696.6894
600894.SH,20130531,3.2623,715974.6382,692267.9377
600895.SH,20130531,1.598,1051560.2045,1051560.2045
600896.SH,20130531,1.2178,207529.731,207529.731
600897.SH,20130531,1.773,412466.85,412466.85
600898.SH,20130531,4.5984,134342.6722,107867.372
600900.SH,20130531,1.6524,12474000.0,7367931.7589
600960.SH,20130531,1.683,157450.3245,157450.3245
600961.SH,20130531,4.8098,361836.129,177212.7151
600962.SH,20130531,1.9185,191151.09,185180.58
600963.SH,20130531,0.707,371364.6567,300164.6567
600965.SH,20130531,3.2597,166803.7325,166803.7325
600966.SH,20130531,0.8369,257860.5752,257860.5752
600967.SH,20130531,2.8734,576665.2892,437059.29
600969.SH,20130531,2.0207,251059.6577,110325.6
600970.SH,20130531,2.6145,1159988.3929,1159988.3929
600971.SH,20130531,1.5294,1076004.3793,1076004.3793
600973.SH,20130531,1.3754,264506.8986,261434.1786
600975.SH,20130531,2.6254,146006.3585,146006.3585
600976.SH,20130531,3.8988,328426.4026,327899.631
600978.SH,20130531,1.4514,631659.1695,627368.3295
600979.SH,20130531,3.4449,502524.5022,415024.5022
600980.SH,20130531,5.7623,139620.0,139620.0
600981.SH,20130531,2.2156,195604.3635,195604.3635
600982.SH,20130531,1.8618,168168.0,168168.0
600983.SH,20130531,3.1321,530668.8,195913.5984
600984.SH,20130531,3.6199,95691.856,95691.856
600985.SH,20130531,2.2936,210108.5587,155390.4
600986.SH,20130531,2.5184,171993.3602,171993.3602
600987.SH,20130531,2.5351,465894.0,465894.0
600988.SH,20130531,13.1216,457249.9138,160815.4092
600990.SH,20130531,5.0173,396435.916,341040.0
600992.SH,20130531,1.3118,113908.41,113908.41
600993.SH,20130531,4.6874,637959.7584,636607.5289
600995.SH,20130531,2.1016,274674.1536,274674.1536
600997.SH,20130531,1.5001,1004996.96,1004996.96
600998.SH,20130531,3.6761,1723085.6884,645375.6905
600999.SH,20130531,2.3283,6143329.5746,6143329.5746
601000.SH,20130531,1.246,657833.8873,337073.8873
601001.SH,20130531,1.402,1283727.9,1283727.9
601002.SH,20130531,4.3435,722223.66,722223.66
601003.SH,20130531,1.2068,661200.6456,661200.6456
601005.SH,20130531,1.269,471410.5984,325040.0
601006.SH,20130531,1.4281,10510821.5841,10510821.5841
601007.SH,20130531,1.6723,219900.0,219900.0
601008.SH,20130531,1.0315,271086.1237,252704.1782
601009.SH,20130531,1.0977,2847206.933,2847206.933
601010.SH,20130531,1.6804,585446.4,145886.4
601011.SH,20130531,1.3892,383904.0,123609.8256
601012.SH,20130531,1.706,490595.364,244679.5102
601018.SH,20130531,1.1289,3123200.0,751520.0
601028.SH,20130531,1.5678,295275.0,89838.0
601038.SH,20130531,2.0286,901289.5,135750.0
601058.SH,20130531,2.0964,425250.0,220072.9781
601088.SH,20130531,1.5379,40733942.6918,33405005.7318
601098.SH,20130531,1.9816,1715180.0,380090.0
601099.SH,20130531,4.5004,969035.7848,969035.7848
601100.SH,20130531,2.1991,721980.0,180495.0
601101.SH,20130531,1.8558,1286398.1476,1286398.1476
601106.SH,20130531,0.9915,1647576.0,1647576.0
601107.SH,20130531,0.9193,966346.96,683425.84
601111.SH,20130531,1.3415,6948002.7831,4354060.6815
601113.SH,20130531,1.5164,262400.0,124640.0
601116.SH,20130531,2.5975,382416.4428,55860.0
601117.SH,20130531,3.1225,5811074.0,5811074.0
601118.SH,20130531,2.3967,2201456.096,551600.0
601126.SH,20130531,2.5594,716826.985,267110.568
601137.SH,20130531,1.8851,357760.0,158080.0
601139.SH,20130531,4.2296,1871525.25,1799827.4054
601158.SH,20130531,2.7465,3158400.0,3158400.0
601166.SH,20130531,1.2991,23548688.2242,19998006.2424
601168.SH,20130531,1.5441,1703845.0,1703845.0
601169.SH,20130531,1.0525,8008145.1805,6800497.5739
601177.SH,20130531,1.9399,333650.04,177692.04
601179.SH,20130531,1.1693,1646946.0,1646946.0
601186.SH,20130531,0.8598,6329158.7895,5138333.9415
601188.SH,20130531,1.1798,311792.4,158413.873
601199.SH,20130531,1.8734,321708.8,110685.8611
601208.SH,20130531,2.0498,419948.32,216244.0588
601216.SH,20130531,1.5325,837120.0,325927.44
601218.SH,20130531,1.9793,442234.8,136977.03
601222.SH,20130531,2.6929,615006.99,197334.0
601231.SH,20130531,5.1831,1867642.1366,197152.8
601233.SH,20130531,1.0184,681265.2,371714.038
601238.SH,20130531,1.8691,5900913.4289,554158.093
601258.SH,20130531,2.0008,1814078.0,493700.48
601268.SH,20130531,2.0246,954075.002,703040.0
601288.SH,20130531,1.1101,88668793.941,6980770.524
601299.SH,20130531,1.3558,4819466.2935,4819466.2935
601311.SH,20130531,3.7368,1148271.895,403498.3659
601313.SH,20130531,2.688,351390.96,237929.3502
601318.SH,20130531,1.8883,31355838.8264,18958968.5682
601328.SH,20130531,0.8778,34977744.2498,15405964.126
601333.SH,20130531,0.7377,1933805.601,1543060.701
601336.SH,20130531,2.0715,7748953.7544,2733842.6376
601339.SH,20130531,1.1997,707250.0,141450.0
601369.SH,20130531,2.5793,1373289.4553,1373289.4553
601377.SH,20130531,2.4341,3055000.0,1948399.1
601388.SH,20130531,2.1504,485850.0,202854.225
601390.SH,20130531,0.7605,6070471.5,4738127.85
601398.SH,20130531,1.2239,146150617.414,109870706.792
601515.SH,20130531,3.1687,771728.0,117494.2
601518.SH,20130531,1.4432,304513.2,304513.2
601519.SH,20130531,2.7682,779790.0,281144.6956
601555.SH,20130531,2.2551,1740000.0,1062600.6
601558.SH,20130531,1.7974,2195138.4,229538.4
601566.SH,20130531,1.9898,912555.4935,193860.61
601567.SH,20130531,1.7343,378873.0,127028.88
601588.SH,20130531,1.0544,1080813.42,853860.0
601599.SH,20130531,3.5267,331674.0,172005.787
601600.SH,20130531,1.2976,5558564.5236,3937594.5108
601601.SH,20130531,1.6952,16864382.0,11553622.6151
601607.SH,20130531,1.3613,3439116.5781,2459433.888
601608.SH,20130531,1.3514,1035720.0,213570.0
601616.SH,20130531,1.4427,358110.72,212488.0128
601618.SH,20130531,0.9243,3898440.0,3312756.0
601628.SH,20130531,2.0283,47032469.12,34650353.92
601633.SH,20130531,5.1272,11113971.219,1111399.679
601636.SH,20130531,1.7277,478002.707,117474.5
601666.SH,20130531,1.3665,1596147.5278,1596147.5278
601668.SH,20130531,1.0745,11310000.0,11310000.0
601669.SH,20130531,1.0894,3465600.0,1084083.0
601677.SH,20130531,1.5041,378945.0,102296.25
601678.SH,20130531,1.5721,610500.0,610500.0
601688.SH,20130531,1.6748,5863200.0,5860763.0164
601699.SH,20130531,2.2013,3764573.424,3764573.424
601700.SH,20130531,1.4935,375076.8,139885.2
601717.SH,20130531,1.4505,1384438.188,707795.2
601718.SH,20130531,1.1406,1172528.0,351728.0
601727.SH,20130531,1.5991,4988390.7707,3831928.0027
601766.SH,20130531,1.8011,6073320.0,4451434.372
601777.SH,20130531,1.3042,651739.8846,223724.1763
601788.SH,20130531,2.1947,4891158.0,4891158.0
601789.SH,20130531,2.2117,382107.6,82600.0
601798.SH,20130531,2.4052,400000.0,145000.0
601799.SH,20130531,1.779,332689.1648,96525.8922
601800.SH,20130531,0.9013,8038843.5062,670818.5062
601801.SH,20130531,2.3321,1008280.0,1008280.0
601808.SH,20130531,2.2397,7475717.16,4840108.284
601818.SH,20130531,1.0338,12656089.27,5926589.27
601857.SH,20130531,1.4162,155933873.101,137616810.301
601866.SH,20130531,1.0173,2628703.125,1732154.0625
601872.SH,20130531,0.8882,1085812.0161,868649.6128
601877.SH,20130531,5.4135,2265270.0,2265270.0
601880.SH,20130531,0.8883,1168464.0,213418.92
601886.SH,20130531,3.6929,1631840.0,758613.8588
601888.SH,20130531,4.9162,2845920.0,2845920.0
601890.SH,20130531,1.253,352872.0,209486.7199
601898.SH,20130531,1.0205,8710941.8538,5917584.0033
601899.SH,20130531,2.3288,6718084.8042,4867571.5242
601901.SH,20130531,3.1245,4611600.0,2617105.3995
601908.SH,20130531,1.9225,700712.7717,169128.1154
601918.SH,20130531,1.5737,1397042.185,1397042.185
601919.SH,20130531,1.5248,3514398.3788,2571726.8998
601928.SH,20130531,2.35,2193703.8,568058.0
601929.SH,20130531,2.6464,1053943.7484,621945.0962
601933.SH,20130531,4.5427,2027256.0,1304251.6344
601939.SH,20130531,1.1967,120005269.193,4604955.6509
601958.SH,20130531,2.6574,3462146.5212,3462146.5212
601965.SH,20130531,2.5233,742671.6439,222528.0
601988.SH,20130531,0.953,82348468.2096,57679896.6731
601989.SH,20130531,1.5558,6629809.5661,5111196.7832
601991.SH,20130531,1.5153,6428748.1502,4778975.88
601992.SH,20130531,1.1757,2681619.3996,792860.4246
601996.SH,20130531,2.4739,383570.016,160486.692
601998.SH,20130531,0.9809,20399274.5868,13910651.5289
601999.SH,20130531,2.091,359747.2991,359747.2991
603000.SH,20130531,6.2009,1349772.3566,337443.0892
603001.SH,20130531,2.1321,763064.94,222553.947
603002.SH,20130531,3.9076,334400.0,158840.0
603003.SH,20130531,2.2333,184426.0,46106.5
603008.SH,20130531,2.4413,251790.0,62947.5
603077.SH,20130531,1.9082,623250.0,138500.0
603123.SH,20130531,1.5727,253792.0,92667.04
603128.SH,20130531,2.1739,272800.0,109120.0
603167.SH,20130531,1.6514,410152.8,86052.0
603333.SH,20130531,1.8333,282882.72,105810.72
603366.SH,20130531,2.157,703600.0,240807.1
603399.SH,20130531,3.9491,404362.56,101122.56
603766.SH,20130531,2.5679,824000.0,82400.0
603993.SH,20130531,3.9178,4619315.1778,182000.0
